UponCompletionOf_200000_sweeps
LocNumber LocName AlleleNumber AlleleName FreqInPop0 FreqInPop1 SDInPop0 SDinPop1
0	chr01A_44245976	0	110	0.623701	0.516185	0.402125	0.404655
0	chr01A_44245976	1	100	0.376299	0.483815	0.402125	0.404655
1	chr01A_44392124	0	100	0.331710	0.513425	0.380355	0.382251
1	chr01A_44392124	1	110	0.668290	0.486575	0.380355	0.382251
2	chr01A_45766189	0	100	0.458706	0.419675	0.400658	0.400491
2	chr01A_45766189	1	110	0.541294	0.580325	0.400658	0.400491
3	chr01A_45985083	0	100	0.549817	0.582279	0.381030	0.380494
3	chr01A_45985083	1	110	0.450183	0.417721	0.381030	0.380494
4	chr01A_45985175	0	100	0.610033	0.403151	0.449041	0.449474
4	chr01A_45985175	1	110	0.389967	0.596849	0.449041	0.449474
5	chr01A_45987888	0	100	0.506979	0.569445	0.386666	0.387013
5	chr01A_45987888	1	110	0.493021	0.430555	0.386666	0.387013
6	chr01A_45988178	0	100	0.369630	0.482788	0.394163	0.396774
6	chr01A_45988178	1	110	0.630370	0.517212	0.394163	0.396774
7	chr01A_45988186	0	100	0.363385	0.617282	0.441626	0.442615
7	chr01A_45988186	1	110	0.636615	0.382718	0.441626	0.442615
8	chr01A_45988274	0	100	0.549279	0.498863	0.425467	0.425440
8	chr01A_45988274	1	110	0.450721	0.501137	0.425467	0.425440
9	chr01A_45988328	0	100	0.571926	0.452033	0.457495	0.457807
9	chr01A_45988328	1	110	0.428074	0.547967	0.457495	0.457807
10	chr01A_45988665	0	100	0.588343	0.398969	0.415692	0.416207
10	chr01A_45988665	1	110	0.411657	0.601031	0.415692	0.416207
11	chr01A_45990033	0	100	0.486352	0.520132	0.461582	0.461457
11	chr01A_45990033	1	110	0.513648	0.479868	0.461582	0.461457
12	chr01A_45990549	0	100	0.122654	0.914979	0.232219	0.226454
12	chr01A_45990549	1	110	0.877346	0.085021	0.232219	0.226454
13	chr01A_45992384	0	100	0.476975	0.571433	0.424129	0.423583
13	chr01A_45992384	1	110	0.523025	0.428567	0.424129	0.423583
14	chr01A_45993920	0	100	0.451832	0.653818	0.401677	0.400066
14	chr01A_45993920	1	110	0.548168	0.346182	0.401677	0.400066
15	chr01A_45995093	0	100	0.435758	0.623294	0.426292	0.425226
15	chr01A_45995093	1	110	0.564242	0.376706	0.426292	0.425226
16	chr01A_45995941	0	100	0.663037	0.414458	0.422351	0.424512
16	chr01A_45995941	1	110	0.336963	0.585542	0.422351	0.424512
17	chr01A_45996363	0	100	0.713025	0.324204	0.413468	0.415464
17	chr01A_45996363	1	110	0.286975	0.675796	0.413468	0.415464
18	chr01A_45996479	0	100	0.611690	0.425897	0.447591	0.448020
18	chr01A_45996479	1	110	0.388310	0.574103	0.447591	0.448020
19	chr01A_45997065	0	100	0.587333	0.554147	0.386829	0.387153
19	chr01A_45997065	1	110	0.412667	0.445853	0.386829	0.387153
20	chr01A_46253983	0	100	0.525338	0.490827	0.452175	0.452241
20	chr01A_46253983	1	110	0.474662	0.509173	0.452175	0.452241
21	chr01A_46260468	0	100	0.453666	0.487876	0.439979	0.439461
21	chr01A_46260468	1	110	0.546334	0.512124	0.439979	0.439461
22	chr01A_46261289	0	100	0.547572	0.458021	0.463321	0.463048
22	chr01A_46261289	1	110	0.452428	0.541979	0.463321	0.463048
23	chr01A_46275547	0	100	0.644489	0.524015	0.380828	0.382222
23	chr01A_46275547	1	110	0.355511	0.475985	0.380828	0.382222
24	chr01A_46275548	0	100	0.589949	0.469092	0.435437	0.436466
24	chr01A_46275548	1	110	0.410051	0.530908	0.435437	0.436466
25	chr01A_46275549	0	100	0.537017	0.511623	0.453161	0.453650
25	chr01A_46275549	1	110	0.462983	0.488377	0.453161	0.453650
26	chr01A_46275550	0	100	0.441600	0.631761	0.433180	0.432274
26	chr01A_46275550	1	110	0.558400	0.368239	0.433180	0.432274
27	chr01A_46275551	0	100	0.516312	0.484018	0.458469	0.458898
27	chr01A_46275551	1	110	0.483688	0.515982	0.458469	0.458898
28	chr01A_46275588	0	100	0.566506	0.537703	0.406984	0.407171
28	chr01A_46275588	1	110	0.433494	0.462297	0.406984	0.407171
29	chr01A_46275776	0	100	0.574741	0.473645	0.423369	0.424011
29	chr01A_46275776	1	110	0.425259	0.526355	0.423369	0.424011
30	chr01A_46276087	0	100	0.517874	0.482190	0.465042	0.465022
30	chr01A_46276087	1	110	0.482126	0.517810	0.465042	0.465022
31	chr01A_46278498	0	100	0.415195	0.567846	0.456681	0.457274
31	chr01A_46278498	1	110	0.584805	0.432154	0.456681	0.457274
32	chr01A_46278659	0	100	0.381743	0.648264	0.441423	0.440365
32	chr01A_46278659	1	110	0.618257	0.351736	0.441423	0.440365
33	chr01A_46278696	0	100	0.409443	0.620191	0.448635	0.447615
33	chr01A_46278696	1	110	0.590557	0.379809	0.448635	0.447615
34	chr01A_46279518	0	100	0.548740	0.568454	0.407620	0.407514
34	chr01A_46279518	1	110	0.451260	0.431546	0.407620	0.407514
35	chr01A_46279519	0	100	0.819897	0.196766	0.342915	0.344099
35	chr01A_46279519	1	110	0.180103	0.803234	0.342915	0.344099
36	chr01A_46279526	0	100	0.434779	0.565217	0.460536	0.460523
36	chr01A_46279526	1	110	0.565221	0.434783	0.460536	0.460523
37	chr01A_46291512	0	100	0.437072	0.586166	0.456047	0.455807
37	chr01A_46291512	1	110	0.562928	0.413834	0.456047	0.455807
38	chr01A_46291515	0	100	0.745815	0.242805	0.390545	0.390044
38	chr01A_46291515	1	110	0.254185	0.757195	0.390545	0.390044
39	chr01A_46293190	0	100	0.646450	0.359171	0.442271	0.442318
39	chr01A_46293190	1	110	0.353550	0.640829	0.442271	0.442318
40	chr01A_46293575	0	100	0.386242	0.590445	0.450690	0.450682
40	chr01A_46293575	1	110	0.613758	0.409555	0.450690	0.450682
41	chr01A_46293604	0	100	0.225569	0.732774	0.375312	0.378304
41	chr01A_46293604	1	110	0.774431	0.267226	0.375312	0.378304
42	chr01A_46294373	0	100	0.615455	0.395782	0.451353	0.451476
42	chr01A_46294373	1	110	0.384545	0.604218	0.451353	0.451476
43	chr01A_46297791	0	100	0.645095	0.337395	0.437010	0.436490
43	chr01A_46297791	1	110	0.354905	0.662605	0.437010	0.436490
44	chr01A_46297793	0	100	0.522186	0.609965	0.409371	0.408245
44	chr01A_46297793	1	110	0.477814	0.390035	0.409371	0.408245
45	chr01A_46300738	0	100	0.458129	0.466203	0.421926	0.422263
45	chr01A_46300738	1	110	0.541871	0.533797	0.421926	0.422263
46	chr01A_46301788	0	100	0.563652	0.409307	0.451743	0.450820
46	chr01A_46301788	1	110	0.436348	0.590693	0.451743	0.450820
47	chr01A_46308614	0	100	0.628877	0.333680	0.433818	0.432567
47	chr01A_46308614	1	110	0.371123	0.666320	0.433818	0.432567
48	chr01A_46308674	0	100	0.165465	0.828816	0.325408	0.325850
48	chr01A_46308674	1	110	0.834535	0.171184	0.325408	0.325850
49	chr01A_46309403	0	100	0.129423	0.908320	0.242804	0.237316
49	chr01A_46309403	1	110	0.870577	0.091680	0.242804	0.237316
50	chr01A_46321928	0	100	0.749125	0.250520	0.392433	0.392090
50	chr01A_46321928	1	110	0.250875	0.749480	0.392433	0.392090
51	chr01A_46321992	0	100	0.580398	0.540146	0.381030	0.381248
51	chr01A_46321992	1	110	0.419602	0.459854	0.381030	0.381248
52	chr01A_46326705	0	100	0.414948	0.604439	0.450559	0.450190
52	chr01A_46326705	1	110	0.585052	0.395561	0.450559	0.450190
53	chr01A_46330436	0	100	0.642419	0.328103	0.432704	0.432155
53	chr01A_46330436	1	110	0.357581	0.671897	0.432704	0.432155
54	chr01A_46334987	0	100	0.970015	0.046829	0.040100	0.053990
54	chr01A_46334987	1	110	0.029985	0.953171	0.040100	0.053990
55	chr01A_46342028	0	100	0.694973	0.310481	0.423054	0.424112
55	chr01A_46342028	1	110	0.305027	0.689519	0.423054	0.424112
56	chr01A_46342029	0	100	0.497082	0.465408	0.456985	0.457117
56	chr01A_46342029	1	110	0.502918	0.534592	0.456985	0.457117
57	chr01A_46345029	0	100	0.272057	0.734860	0.399671	0.399058
57	chr01A_46345029	1	110	0.727943	0.265140	0.399671	0.399058
58	chr01A_46356792	0	100	0.547586	0.528241	0.421723	0.421654
58	chr01A_46356792	1	110	0.452414	0.471759	0.421723	0.421654
59	chr01A_46379500	0	100	0.254483	0.745867	0.394804	0.395019
59	chr01A_46379500	1	110	0.745517	0.254133	0.394804	0.395019
60	chr01A_46385034	0	100	0.499154	0.538902	0.442315	0.442141
60	chr01A_46385034	1	110	0.500846	0.461098	0.442315	0.442141
61	chr01A_46386149	0	100	0.610190	0.492095	0.425642	0.426994
61	chr01A_46386149	1	110	0.389810	0.507905	0.425642	0.426994
62	chr01A_46387642	0	100	0.203330	0.833789	0.333627	0.330915
62	chr01A_46387642	1	110	0.796670	0.166211	0.333627	0.330915
63	chr01A_46394408	0	100	0.433528	0.597335	0.447036	0.445519
63	chr01A_46394408	1	110	0.566472	0.402665	0.447036	0.445519
64	chr01A_46394430	0	100	0.469606	0.498461	0.419100	0.418730
64	chr01A_46394430	1	110	0.530394	0.501539	0.419100	0.418730
65	chr01A_46395563	0	100	0.286455	0.690052	0.415086	0.415761
65	chr01A_46395563	1	110	0.713545	0.309948	0.415086	0.415761
66	chr01A_46395766	0	100	0.482166	0.486800	0.409760	0.410322
66	chr01A_46395766	1	110	0.517834	0.513200	0.409760	0.410322
67	chr01A_46406336	0	100	0.453693	0.460853	0.418920	0.419040
67	chr01A_46406336	1	110	0.546307	0.539147	0.418920	0.419040
68	chr01A_46407216	0	100	0.452893	0.525871	0.425324	0.424852
68	chr01A_46407216	1	110	0.547107	0.474129	0.425324	0.424852
69	chr01A_46407593	0	100	0.392051	0.566526	0.410303	0.410115
69	chr01A_46407593	1	110	0.607949	0.433474	0.410303	0.410115
70	chr01A_46413016	0	100	0.423652	0.633702	0.412840	0.412248
70	chr01A_46413016	1	110	0.576348	0.366298	0.412840	0.412248
71	chr03_56473808	0	100	0.421125	0.419798	0.296522	0.296775
71	chr03_56473808	1	110	0.578875	0.580202	0.296522	0.296775
72	chr03_56476248	0	100	0.392028	0.385398	0.329356	0.329170
72	chr03_56476248	1	110	0.607972	0.614602	0.329356	0.329170
73	chr03_56476317	0	100	0.474631	0.519796	0.464204	0.464175
73	chr03_56476317	1	110	0.525369	0.480204	0.464204	0.464175
74	chr03_56551378	0	110	0.552202	0.537458	0.434827	0.436382
74	chr03_56551378	1	100	0.447798	0.462542	0.434827	0.436382
75	chr03_108490142	0	100	0.525290	0.403400	0.411890	0.411574
75	chr03_108490142	1	110	0.474710	0.596600	0.411890	0.411574
76	chr11_21391783	0	100	0.719031	0.718494	0.227775	0.227759
76	chr11_21391783	1	110	0.280969	0.281506	0.227775	0.227759
77	chr13_2433142	0	100	0.558408	0.375404	0.413558	0.413092
77	chr13_2433142	1	110	0.441592	0.624596	0.413558	0.413092
