response_variable	term	estimate	std.error	statistic	p.value	deviance	df.residual	AIC	BIC	nobs	dispersion_parameter	chr	start	end	pos	CN_14_G_1086_BL_ADL_M	CN_14_G_1089_BL_ADL_M	CN_14_G_1093_BL_ADL_M	CN_14_G_1094_BL_ADL_F	CN_14_G_1097_BL_ADL_F	CN_14_G_1098_BL_ADL_F	CN_14_G_1099_BL_ADL_M	CN_14_G_1100_BL_ADL_F	CN_14_G_1102_BL_ADL_M	CN_14_G_1103_BL_ADL_M	CN_14_G_1104_BL_ADL_M	CN_14_G_1105_BL_ADL_F	CN_16_RG_1652_BL_ADL_F	CN_16_RG_2014_BL_ADL_F	CN_16_RG_2017_BL_ADL_F	CN_16_RG_2019_BL_ADL_F	CN_16_RG_2020_BL_ADL_M	CN_16_RG_2021_BL_ADL_M	CN_16_RG_2023_BL_ADL_M	CN_16_RG_2027_BL_ADL_M	CN_16_RG_2029_BL_ADL_F	CN_16_RG_2030_BL_ADL_M	CN_16_RG_2031_BL_ADL_F	CN_16_RG_2033_BL_ADL_M	CN_16_RG_2044_BL_ADL_F	CN_16_RG_2050_BL_ADL_M	CN_16_RG_2054_BL_ADL_F	CN_16_RG_2058_BL_ADL_F	CN_16_RG_2059_BL_ADL_M	CN_16_RG_2063_BL_ADL_F	CN_16_RG_2066_BL_ADL_M	CN_16_RG_2068_BL_ADL_F	CN_16_RG_2069_BL_ADL_M	CN_16_RG_2070_BL_ADL_F	CN_16_RG_2072_BL_ADL_M	CN_16_RG_2074_BL_ADL_M	CN_17_RG_1705_BL_ADL_M	CN_17_RG_2077_BL_ADL_M	CN_17_RG_2079_BL_ADL_F	CN_17_RG_2081_BL_ADL_F	CN_17_RG_2082_BL_ADL_F	CN_17_RG_2086_BL_ADL_F	CN_17_RG_2087_BL_ADL_M	CN_17_RG_2091_BL_ADL_F	CN_17_RG_2093_BL_ADL_M	CN_17_RG_2094_BL_ADL_F	CN_17_RG_2099_BL_ADL_M	CN_17_RG_2102_BL_ADL_F	CN_17_RG_2105_BL_ADL_F	CN_17_RG_2107_BL_ADL_F	CN_17_RG_2111_BL_ADL_F	CN_17_RG_2113_BL_ADL_M	CN_17_RG_2114_BL_ADL_M	CN_17_RG_2115_BL_ADL_F	CN_17_RG_2116_BL_ADL_M	CN_17_RG_2121_BL_ADL_F	CN_17_RG_2122_BL_ADL_F	CN_17_RG_2123_BL_ADL_M	RU_13_R_VN96102_BL_ADL_M	RU_13_R_VN96106_BL_ADL_M	RU_13_R_VN96110_BL_ADL_M	RU_13_R_VN96113_BL_ADL_F	RU_13_R_VN96116_BL_ADL_M	RU_13_R_VN96117_BL_ADL_F	RU_13_R_VN96118_BL_ADL_F	RU_13_R_VN96122_BL_ADL_F	RU_13_R_VN96123_BL_ADL_M	RU_13_R_VN96124_BL_ADL_F	RU_13_R_VN96298_BL_ADL_F	RU_13_R_VN96300_BL_ADL_F	distance
chr08_593936_594306.meth	chr08_593936_594306	0.785617889228969	0.0848909823131122	9.25443277745679	1.71805864650174e-11	1.60198325016967	40	NA	NA	44	0.0400495812542417	chr08	593936	594306	594129	2	1	1	NA	1	1	0	1	1	2	2	0	1	0	1	0	0	1	0	1	0	2	1	1	0	1	0	1	2	1	2	0	0	2	1	2	2	0	0	2	NA	0	0	0	1	0	NA	1	2	0	1	2	2	1	1	0	0	0	1	0	1	0	NA	0	0	1	0	0	1	1	193
chr14_13871753.meth	chr14_13871753	-0.463151136399058	0.130281605777099	-3.55500021385575	0.000988438176406717	1.20120221515124	40	NA	NA	44	0.0300300553787809	chr14	13871753	NA	13871737	NA	0	0	1	0	0	1	1	0	1	1	2	1	2	1	1	0	0	1	0	0	0	1	0	0	0	0	0	0	0	0	0	0	0	0	1	0	1	0	0	0	0	0	1	0	0	NA	0	0	0	0	0	0	NA	0	0	0	0	0	0	0	0	0	0	NA	0	0	0	1	0	-16
chr06_35745196.meth	chr06_35745196	1.71754523052456	0.451901314060259	3.80070864386895	0.000507644178410037	16.2927730262264	38	NA	NA	42	0.428757184900695	chr06	35745196	NA	35744407	0	1	0	0	0	0	0	0	0	0	1	1	0	1	0	0	0	0	0	0	0	0	0	0	NA	2	1	1	1	2	1	2	1	NA	0	0	0	0	0	0	0	0	0	0	0	1	NA	1	2	1	0	1	1	1	1	1	0	1	0	1	2	1	0	1	1	1	1	1	2	0	-789
chr18_755207.meth	chr18_755207	-0.521392866893558	0.192422457597547	-2.70962585866175	0.00995679992232293	3.12650176153372	39	NA	NA	43	0.080166711834198	chr18	755207	NA	755219	0	1	0	0	0	0	1	0	0	0	0	1	0	1	0	0	0	0	0	0	1	0	0	0	2	1	0	0	1	0	1	0	0	1	0	0	NA	0	0	0	0	0	1	0	0	1	NA	1	0	0	0	0	0	NA	1	2	0	1	0	1	0	0	0	0	0	2	0	1	0	0	12
chr13_13635456.meth	chr13_13635456	-1.09061879075464	0.314546069497598	-3.46727839421616	0.00129568791523341	6.88986676187025	39	NA	NA	43	0.176663250304365	chr13	13635456	NA	13635452	1	1	1	0	0	1	2	0	0	1	1	1	0	1	0	0	0	0	1	0	0	0	0	1	0	0	0	1	0	0	1	1	0	0	0	0	1	0	0	0	0	1	0	0	NA	0	0	1	0	0	0	0	0	1	0	1	0	0	0	0	0	0	0	0	0	0	0	0	0	0	-4
chr31_1215266_1215634.meth	chr31_1215266_1215634	0.792723501105062	0.162556556802519	4.87660120697622	1.95058667136148e-05	3.5609186002712	38	NA	NA	41	0.0937083842176631	chr31	1215266	1215634	1209637	2	2	2	2	2	2	1	1	2	1	2	2	1	1	0	2	2	2	2	2	2	2	NA	2	NA	0	1	0	NA	1	2	1	1	0	1	0	2	1	2	2	2	2	2	0	2	NA	2	0	2	1	1	NA	2	2	2	1	1	1	1	1	0	1	1	1	1	1	0	2	0	0	-5629
chr03_113894620.meth	chr03_113894620	-0.374436626828628	0.169180888705419	-2.21323241468842	0.0331289607754062	2.22140784032264	37	NA	NA	41	0.0600380497384497	chr03	113894620	NA	113894722	1	1	0	0	0	1	2	1	1	0	1	0	0	0	0	0	0	0	NA	1	0	0	0	0	0	0	0	0	0	0	0	0	0	0	1	1	0	0	1	0	0	2	0	1	NA	1	NA	0	1	0	0	0	0	NA	0	0	0	0	0	1	1	0	1	0	0	0	0	1	0	0	102
chr01_52803286.meth	chr01_52803286	0.415219887325881	0.0857276606394932	4.84347623892348	1.85311911284178e-05	1.40082578263002	41	NA	NA	45	0.0341664825031713	chr01	52803286	NA	52803284	0	0	1	1	0	1	1	NA	0	0	1	1	0	1	0	2	1	0	2	2	0	0	0	2	0	NA	1	0	1	1	0	0	1	1	0	0	0	1	1	2	0	1	0	0	0	1	0	1	0	1	2	0	1	0	1	0	0	0	0	2	0	0	1	1	0	1	1	2	1	1	-2
chr17_7474582.meth	chr17_7474582	0.407989264591751	0.131386376906099	3.10526307368487	0.00381964941538759	0.962440188750145	34	NA	NA	38	0.0283070643750043	chr17	7474582	NA	7474655	0	0	2	0	1	1	2	0	1	1	0	1	0	0	0	0	1	0	NA	0	NA	1	0	0	NA	0	1	0	0	0	1	0	1	1	0	2	1	0	NA	1	0	1	1	0	NA	2	NA	0	1	0	0	0	0	0	1	0	0	0	1	1	0	0	1	0	0	0	0	0	0	0	73
chr02_31683160.meth	chr02_31683160	1.44190604352435	0.641056164523383	2.24926632535605	0.0307066279235979	9.69132766614463	36	NA	NA	40	0.269203546281795	chr02	31683160	NA	31680304	2	1	2	2	2	2	2	1	2	2	1	2	2	2	1	2	1	2	2	1	2	1	1	2	2	0	0	2	0	1	2	1	2	2	1	1	2	0	2	1	2	1	1	1	NA	2	NA	2	2	2	2	2	0	1	2	2	2	2	1	2	1	2	2	1	1	2	2	1	2	2	-2856
chr14_10941970.meth	chr14_10941970	-0.419537755234895	0.200363134761616	-2.09388696046328	0.0428196213568229	2.48743808188449	39	NA	NA	43	0.063780463638064	chr14	10941970	NA	10942329	1	0	1	0	1	1	0	1	0	0	0	1	0	0	0	0	1	0	NA	0	0	2	0	0	NA	1	0	0	0	0	0	0	0	0	0	0	1	0	0	0	0	0	0	0	1	0	0	1	0	0	0	2	0	0	0	0	0	0	0	0	0	1	0	0	1	0	0	0	0	0	359
chr04_71927704.meth	chr04_71927704	-0.43930424908212	0.183643720810045	-2.39215502247704	0.0220940639380285	1.59368797494992	36	NA	NA	39	0.0442691104152756	chr04	71927704	NA	37234296	0	0	0	0	0	0	0	0	0	0	0	0	1	0	0	1	0	1	NA	0	1	0	0	0	NA	0	0	0	0	0	1	NA	1	0	0	NA	0	0	0	0	0	0	0	0	NA	0	0	1	NA	0	0	0	0	0	0	0	0	0	0	1	2	0	0	0	0	1	0	0	1	1	-34693408
chr05_55702097_55702721.meth	chr05_55702097_55702721	-0.413482024952872	0.13956020165921	-2.96275026860844	0.00511316202208788	0.644789270552227	40	NA	NA	44	0.0161197317638057	chr05	55702097	55702721	55702421	NA	0	0	0	0	0	1	0	1	1	2	1	0	0	0	0	1	0	0	0	0	0	0	1	NA	0	0	0	0	1	0	1	0	0	0	1	1	0	0	0	1	1	1	0	0	0	NA	0	0	0	0	0	0	0	0	0	1	0	0	0	0	0	0	0	0	0	0	0	0	0	324
chr36_196358.meth	chr36_196358	-1.92996891759344	0.346573238524379	-5.56871882494665	4.2051788041516e-06	7.16630232682977	31	NA	NA	34	0.23117104280096	chr36	196358	NA	196371	0	1	0	1	2	1	0	1	1	1	1	1	0	2	0	1	0	0	0	1	0	0	0	1	NA	NA	0	0	0	0	0	0	0	NA	1	0	1	1	1	1	0	1	0	1	0	0	NA	1	1	1	NA	1	1	1	1	1	0	0	0	0	0	0	0	0	0	0	0	0	0	0	13
chr20_417605.meth	chr20_417605	-1.94774029506456	0.288662602699675	-6.74746322124375	6.16603140956231e-08	4.92291693424786	37	NA	NA	40	0.133051809033726	chr20	417605	NA	417692	NA	1	1	2	1	0	1	1	1	1	0	1	0	1	NA	1	0	1	0	1	1	2	0	0	NA	NA	0	0	1	1	0	0	0	0	1	0	0	1	0	0	1	2	0	0	0	0	NA	1	0	1	0	0	0	NA	0	0	1	NA	0	0	0	0	0	0	0	0	0	0	0	0	87
chr12_16135073_16137073.meth	chr12_16135073_16137073	-0.285244509349403	0.104627803995009	-2.72627827841067	0.0096355671888972	1.04572002127985	38	NA	NA	42	0.027518947928417	chr12	16135073	16137073	16136234	1	2	1	2	2	2	2	2	2	2	2	2	1	2	0	0	2	0	1	2	2	2	1	1	NA	2	0	1	1	1	1	2	1	NA	1	2	1	2	1	1	2	1	1	1	2	2	0	1	NA	2	NA	1	1	0	1	1	2	2	0	2	1	2	2	1	1	2	2	2	2	1	1161
chr08_4148297.meth	chr08_4148297	-0.431549072334214	0.110051601485229	-3.92133386984045	0.000391741767478346	1.37942011507857	35	NA	NA	39	0.0394120032879592	chr08	4148297	NA	4148308	1	2	1	1	0	2	1	1	1	1	1	0	0	2	1	0	0	0	0	1	2	0	0	2	NA	1	0	0	0	0	0	0	0	1	1	0	0	0	0	2	0	0	0	1	NA	1	NA	0	0	0	0	0	0	0	0	0	0	0	0	0	0	1	0	0	0	0	0	0	0	0	11
chr21_752907.meth	chr21_752907	0.224250948822715	0.100151623872406	2.23911445618109	0.0314202097975671	0.695131818518054	36	NA	NA	40	0.019309217181057	chr21	752907	NA	753072	0	0	0	0	0	0	0	0	0	0	0	0	0	0	0	1	0	NA	NA	0	1	1	1	0	NA	0	2	1	0	1	0	0	0	1	0	0	0	0	0	0	0	0	0	0	2	0	0	1	NA	0	1	0	0	0	0	NA	0	0	0	0	0	1	1	0	0	0	1	0	0	0	165
chr17_5942892.meth	chr17_5942892	0.663503991811495	0.207075066998872	3.20417132505435	0.00278723873160425	3.93386378889535	37	NA	NA	41	0.106320642943118	chr17	5942892	NA	5942888	0	0	0	1	0	0	1	0	1	1	1	0	0	0	0	0	2	0	0	0	1	1	0	0	NA	0	0	1	0	2	0	0	0	0	0	0	1	0	0	1	0	0	0	0	0	0	NA	0	0	0	0	0	0	0	0	1	0	0	0	0	0	1	0	1	0	0	0	0	1	0	-4
chr32_150866.meth	chr32_150866	0.37963796151348	0.185875732030945	2.04242887097428	0.0486990397531948	3.94859539671616	35	NA	NA	39	0.112817011334747	chr32	150866	NA	152842	0	1	1	1	0	0	0	1	0	0	0	0	1	1	0	0	0	1	0	0	1	1	1	1	0	1	1	2	0	1	1	1	1	1	0	0	1	0	1	0	0	0	0	0	0	1	0	2	1	2	0	1	1	NA	0	0	1	NA	0	2	2	0	0	0	0	2	0	1	1	0	1976
chr26_1129807_1131170.meth	chr26_1129807_1131170	0.255097566895156	0.123620176075796	2.06355932334821	0.0457596303910556	1.16276801196277	39	NA	NA	43	0.0298145644093019	chr26	1129807	1131170	1131877	2	2	2	1	2	2	2	2	2	1	2	2	2	2	2	2	1	2	2	2	2	2	2	2	1	2	2	2	2	1	2	2	2	1	1	1	2	2	2	2	2	2	2	2	NA	2	NA	2	1	0	2	2	2	NA	1	2	2	2	2	1	2	1	1	2	1	2	NA	2	2	2	2070
chr21_1418479_1420122.meth	chr21_1418479_1420122	0.198573811378773	0.0659396596301082	3.01144732157677	0.0044905317921905	0.189750050265664	40	NA	NA	44	0.0047437512566416	chr21	1418479	1420122	1419331	0	0	1	0	0	0	1	0	0	0	0	1	0	0	0	1	0	0	0	1	0	0	0	1	0	0	0	1	0	0	1	0	0	1	0	1	0	0	0	0	1	0	0	1	1	0	NA	0	0	1	0	0	1	NA	0	0	0	0	0	0	0	0	0	0	0	0	0	0	0	0	852
chr20_1841821.meth	chr20_1841821	0.567449195225418	0.138442076657127	4.0988203075774	0.00019130955387191	2.60614479007177	41	NA	NA	45	0.0635645070749213	chr20	1841821	NA	1841862	NA	1	1	0	0	NA	0	1	1	1	0	NA	1	1	0	1	1	1	1	0	0	0	1	1	NA	1	0	1	1	0	1	0	0	2	0	1	0	0	0	0	0	0	1	0	0	1	0	0	1	0	1	2	0	0	1	1	1	0	0	1	NA	0	0	0	0	0	1	1	0	NA	41
chr31_877306.meth	chr31_877306	-0.572629369266073	0.162765088506773	-3.51813386101064	0.00112115129337362	2.63832197034898	39	NA	NA	42	0.0676492812909996	chr31	877306	NA	880430	NA	1	1	2	2	1	1	1	1	0	2	2	2	1	1	1	1	2	2	1	2	2	2	1	0	1	1	1	1	1	1	1	1	0	0	1	2	2	0	1	2	2	1	2	1	0	NA	0	1	1	1	0	1	1	2	1	1	1	0	0	0	1	0	0	0	0	0	0	0	0	3124
chr13_16496635.meth	chr13_16496635	0.488047703320042	0.149370477524769	3.26736388212397	0.00230645122173479	2.30704325706984	38	NA	NA	42	0.0607116646597327	chr13	16496635	NA	16496848	NA	0	0	1	0	0	2	0	1	1	2	0	1	0	0	0	0	0	1	0	0	0	0	0	0	0	0	0	1	0	0	1	0	0	0	0	0	2	2	0	0	1	0	0	0	0	NA	0	NA	0	NA	0	0	NA	1	0	0	0	0	0	0	0	0	0	0	1	0	0	0	2	213
chr12_13239216.meth	chr12_13239216	0.530725343953537	0.131178969772634	4.04581119117962	0.00025473633421718	0.690074984532735	37	NA	NA	41	0.0186506752576415	chr12	13239216	NA	13239218	0	0	0	1	0	1	0	0	1	0	2	0	0	0	2	0	0	0	0	0	0	1	0	0	NA	2	0	1	0	0	0	0	0	1	0	0	0	0	0	0	1	0	1	0	NA	0	NA	0	0	1	0	0	1	NA	0	1	0	0	1	0	0	0	0	0	0	0	0	0	1	0	2
chr01_118780845.meth	chr01_118780845	-0.556746119364706	0.234989801920916	-2.36923523835334	0.0228709830410865	9.31280000410551	39	NA	NA	43	0.238789743695013	chr01	118780845	NA	118780782	0	2	2	2	2	1	0	1	1	1	0	1	0	0	1	1	1	1	0	0	0	1	1	0	0	0	1	0	0	0	1	0	0	0	0	1	1	2	2	2	0	2	NA	0	2	1	NA	0	0	0	0	1	0	1	0	1	0	1	0	0	0	1	1	2	1	1	0	0	1	1	-63
chr23_5411383.meth	chr23_5411383	0.554865275069997	0.0839256077217989	6.61139418744865	8.29175077800894e-08	1.37727161746274	38	NA	NA	42	0.03624398993323	chr23	5411383	NA	5411396	2	0	0	1	2	2	1	1	1	1	2	1	1	2	NA	1	NA	1	0	1	2	1	0	2	NA	0	2	0	2	2	1	2	1	1	2	1	1	2	1	1	0	2	0	1	0	1	2	0	0	2	2	NA	1	0	1	1	1	1	2	1	2	1	0	0	1	0	2	1	1	1	13
chr03_17951568_17951985.meth	chr03_17951568_17951985	0.528350833071448	0.175137186987583	3.0167826842446	0.00473706860582723	3.99302771973585	35	NA	NA	39	0.114086506278167	chr03	17951568	17951985	17951759	1	1	0	1	1	1	1	1	1	1	2	2	1	0	2	1	2	1	1	0	0	1	1	1	NA	0	0	0	0	0	0	2	1	1	0	2	NA	1	0	0	1	1	1	0	0	1	NA	0	NA	0	0	1	0	0	NA	1	1	0	1	1	1	0	1	1	1	1	1	1	NA	1	191
chr05_3398054.meth	chr05_3398054	0.261999402789894	0.110759999979001	2.3654695092052	0.022818475606676	1.32326939923881	41	NA	NA	45	0.0322748633960685	chr05	3398054	NA	3398052	1	0	0	0	2	0	0	NA	0	1	2	1	0	0	0	2	1	0	1	0	0	0	1	0	0	0	0	1	0	0	0	1	0	1	0	0	0	1	0	0	1	1	1	0	0	0	NA	0	0	0	0	1	0	0	1	0	0	0	0	0	0	0	1	0	0	0	0	0	0	0	-2
chr05_58565536_58567536.meth	chr05_58565536_58567536	0.102138625146345	0.0464696294000402	2.19796513260457	0.0341158456260473	0.347592916197164	38	NA	NA	41	0.00914718200518853	chr05	58565536	58567536	58566345	2	1	2	2	2	2	2	1	1	2	2	2	0	1	1	1	2	1	2	2	1	1	NA	0	2	1	1	2	1	2	0	1	1	0	2	1	1	0	2	1	2	2	2	2	2	2	NA	0	1	NA	1	1	1	NA	2	1	NA	2	2	1	1	0	1	1	2	0	0	1	1	1	809
chr27_3342864_3346299.meth	chr27_3342864_3346299	0.272908153808451	0.0699763451994115	3.90000582383582	0.000390911708150157	0.539693267355654	37	NA	NA	41	0.0145863045231258	chr27	3342864	3346299	3344456	1	0	0	0	0	0	0	0	0	0	0	0	1	1	0	0	0	1	0	0	0	0	2	0	NA	NA	0	1	1	0	0	1	0	1	0	NA	0	0	NA	0	0	1	0	0	1	0	NA	0	0	0	2	0	1	0	0	0	0	1	1	0	0	0	0	0	0	0	0	0	0	1	1592
chr22_448328_448622.meth	chr22_448328_448622	0.174967218357961	0.0841260810558552	2.07982133675991	0.044161898976854	1.09817157785954	39	NA	NA	42	0.028158245586142	chr22	448328	448622	448488	1	1	1	2	NA	1	1	0	1	2	2	0	1	1	0	0	1	1	0	2	1	1	0	0	2	1	0	0	0	1	0	0	1	0	0	NA	0	0	0	0	1	2	0	0	1	0	0	1	0	0	0	1	0	0	0	0	0	0	0	0	0	0	1	0	0	0	0	0	0	0	160
chr04_407605.meth	chr04_407605	0.64046155693402	0.29468810577123	2.17335394402113	0.0364119943932495	6.51940535632665	36	NA	NA	40	0.181094593231296	chr04	407605	NA	407802	NA	0	0	1	0	1	0	1	0	0	0	0	0	0	0	0	0	0	0	0	1	0	0	1	0	0	0	0	0	0	0	0	1	0	0	0	1	1	0	1	0	0	0	0	0	0	NA	0	1	0	0	0	0	NA	0	1	1	NA	0	1	NA	0	0	0	0	0	0	0	0	0	197
chr23_2762216.meth	chr23_2762216	-0.203467840612259	0.0918089597929453	-2.21620897427807	0.0325801843266843	2.03089106292523	39	NA	NA	43	0.0520741298185956	chr23	2762216	NA	2762101	NA	1	0	2	1	1	0	0	1	0	1	1	1	2	2	0	0	0	0	2	0	1	0	0	NA	2	1	1	2	1	0	1	2	0	0	2	0	0	1	0	2	0	0	0	0	1	NA	0	0	0	0	0	0	0	0	1	0	0	2	2	0	1	1	0	0	1	2	1	2	1	-115
chr06_4485540.meth	chr06_4485540	0.288958170038829	0.110027691644335	2.6262313215921	0.0121759511940164	0.632312181989225	40	NA	NA	44	0.0158078045497306	chr06	4485540	NA	4486278	0	0	1	0	0	0	0	0	0	1	0	0	0	0	0	0	1	1	0	0	0	0	0	0	NA	0	0	0	0	1	0	0	1	0	0	0	0	0	0	0	0	0	1	0	1	1	NA	0	0	0	1	0	1	0	0	0	1	1	0	0	1	0	0	0	0	0	0	0	0	1	738
chr01_34744487.meth	chr01_34744487	0.293434263650267	0.104424369815428	2.81001708862518	0.00863871347415242	1.41219892633808	30	NA	NA	34	0.0470732975446028	chr01	34744487	NA	34744482	1	1	2	1	2	1	2	2	1	1	1	2	2	1	1	2	2	1	NA	2	1	1	0	1	NA	NA	2	1	0	1	1	0	2	1	1	2	0	2	0	2	0	2	0	1	2	2	NA	2	0	1	1	2	0	0	1	1	0	0	1	1	2	1	1	1	1	0	1	2	1	0	-5
chr06_35672509_35674509.meth	chr06_35672509_35674509	-0.496409368571454	0.0821482010176624	-6.04285136402101	3.75997073969675e-07	0.839896185647946	41	NA	NA	45	0.0204852728206816	chr06	35672509	35674509	35673607	1	1	0	1	1	0	0	1	2	1	0	0	0	0	0	0	0	0	2	0	0	0	0	0	0	0	0	0	0	0	0	0	0	1	0	1	2	0	0	0	1	0	2	0	NA	0	2	0	0	0	0	0	0	0	0	0	1	0	0	0	0	0	0	0	0	0	0	0	0	0	1098
chr01A_5935503.meth	chr01A_5935503	-0.881786626887465	0.314285180710946	-2.80568948524003	0.00779280600143057	1.92371501641548	39	NA	NA	43	0.0493260260619354	chr01A	5935503	NA	5935502	0	0	0	0	0	0	0	0	0	0	0	0	1	0	0	0	0	0	NA	0	0	0	0	0	0	0	1	0	0	2	2	0	1	0	1	0	0	0	0	0	0	0	0	0	0	0	NA	0	0	1	1	1	0	NA	0	0	0	0	0	1	0	0	0	0	0	1	1	0	2	1	-1
chr18_10759461_10761461.meth	chr18_10759461_10761461	-0.190029041141877	0.0801527791817271	-2.37083533574091	0.0226543302165149	0.527346732480078	40	NA	NA	43	0.0131836683120019	chr18	10759461	10761461	10760345	0	0	0	0	0	1	0	1	1	0	0	0	1	0	0	0	0	1	1	0	0	0	1	0	NA	NA	0	1	0	1	0	0	1	0	2	0	0	0	0	0	0	0	1	0	0	0	NA	0	0	0	1	0	0	0	0	0	1	0	0	0	0	0	1	NA	0	0	0	0	0	0	884
chr01_4478104.meth	chr01_4478104	-1.02946610062722	0.231348485627689	-4.44985018092555	7.27839316342906e-05	2.88352407854421	38	NA	NA	42	0.0758822125932687	chr01	4478104	NA	4478108	0	0	0	0	0	0	1	0	0	1	0	0	0	1	0	0	0	0	0	0	0	0	0	0	NA	1	1	0	0	0	0	0	0	1	0	0	0	0	0	NA	0	0	0	0	0	0	0	0	2	0	1	1	1	0	0	2	NA	0	0	1	2	1	1	0	1	0	0	1	1	NA	4
chr20_7337506_7339039.meth	chr20_7337506_7339039	-0.314274120606146	0.0673399207688135	-4.666980849073	3.56028320486466e-05	0.318440329172569	39	NA	NA	43	0.00816513664545048	chr20	7337506	7339039	7338436	0	0	0	0	1	0	0	1	0	NA	0	1	0	0	0	0	0	0	0	0	0	0	0	1	NA	1	0	0	0	1	0	1	1	0	1	0	1	NA	0	0	0	0	0	0	1	0	NA	0	1	1	0	0	0	1	0	1	1	0	0	1	2	0	0	2	2	1	0	0	0	1	930
chr17_492986.meth	chr17_492986	-0.285469905594034	0.105667807030401	-2.70157878370565	0.0104568823585872	1.36495066963535	36	NA	NA	40	0.0379152963787597	chr17	492986	NA	492957	1	1	0	0	0	0	0	0	1	1	1	0	0	0	0	0	2	1	NA	0	0	0	0	0	NA	NA	0	1	0	0	0	0	0	1	0	0	0	0	2	0	0	0	1	1	NA	1	NA	0	0	0	2	0	0	0	0	0	0	0	1	1	1	0	0	0	0	0	0	0	0	0	-29
chr05_180821.meth	chr05_180821	0.528172344273338	0.177731942107384	2.97173562619498	0.00540571699353623	3.82226805778983	34	NA	NA	38	0.112419648758524	chr05	180821	NA	180786	1	0	1	0	1	1	1	1	2	0	0	1	2	1	0	2	0	0	1	0	2	0	0	0	NA	1	1	0	0	0	0	0	1	0	0	1	1	0	0	1	0	2	0	1	NA	0	NA	1	1	0	1	0	2	NA	0	0	1	1	0	0	2	0	0	0	1	2	1	1	1	0	-35
chr01A_72904363.meth	chr01A_72904363	-0.337371826969474	0.104519414712262	-3.2278388460005	0.00245553422544794	2.27353183658661	41	NA	NA	45	0.0554519960143077	chr01A	72904363	NA	72904358	0	1	0	0	1	0	1	0	0	1	0	0	1	0	0	2	0	1	0	1	0	0	2	1	NA	1	1	1	0	0	1	0	0	0	1	1	1	0	0	0	0	0	0	0	2	1	0	0	1	2	0	2	0	0	0	1	0	2	2	2	0	1	0	2	0	0	2	0	1	1	-5
chr29_315697_318639.meth	chr29_315697_318639	0.128509198513772	0.0597759213339136	2.14984889644624	0.0376682556246822	0.202550252460868	40	NA	NA	44	0.00506375631152171	chr29	315697	318639	317159	0	0	0	1	1	0	0	0	0	0	0	1	0	0	0	0	0	0	0	0	0	0	0	0	1	0	0	0	1	0	0	0	0	0	0	1	NA	0	0	1	0	0	0	1	1	0	NA	0	0	0	0	0	0	0	0	0	0	1	1	1	0	0	0	1	2	0	1	0	0	0	1462
chr23_174506_178330.meth	chr23_174506_178330	0.202422680841909	0.0944099485474681	2.14408210105245	0.0381570647415949	0.829962709183379	40	NA	NA	44	0.0207490677295845	chr23	174506	178330	176487	0	1	1	1	0	0	0	0	1	0	0	1	0	0	0	0	1	0	0	1	1	0	0	0	0	0	0	1	0	0	0	0	0	1	0	0	0	0	0	0	1	0	0	1	0	1	2	0	0	0	1	0	0	NA	0	1	1	NA	0	1	0	1	0	1	0	0	NA	1	2	0	1981
chr28_420413.meth	chr28_420413	0.374209605647898	0.151845296128345	2.46441355240668	0.0183597994316408	2.42766204354129	38	NA	NA	42	0.0638858432510865	chr28	420413	NA	420550	0	0	0	0	0	0	2	0	0	0	0	1	1	0	0	1	2	1	0	0	0	1	1	0	NA	0	0	0	0	1	0	NA	0	0	0	0	0	0	0	1	1	0	0	0	0	0	NA	0	2	0	0	NA	1	0	0	0	0	0	0	0	0	0	0	1	0	0	0	0	0	0	137
chr13_3638716_3642137.meth	chr13_3638716_3642137	0.158205769689975	0.0261013188622742	6.06121746279417	4.69191865093293e-07	0.128214983519488	38	NA	NA	42	0.00337407851367074	chr13	3638716	3642137	3640901	NA	0	0	1	1	2	0	NA	1	0	1	1	0	0	2	0	1	2	1	1	1	2	1	2	NA	NA	0	2	2	2	1	2	1	1	0	2	1	1	0	1	2	0	1	1	0	1	NA	1	1	1	2	2	1	NA	2	1	1	1	1	2	2	0	1	1	1	1	2	2	2	1	2185
chr12_10122618.meth	chr12_10122618	-0.299670324210274	0.100155006346416	-2.9920653509199	0.00484697361722535	1.74757402436119	38	NA	NA	42	0.0459887901147682	chr12	10122618	NA	10122501	NA	1	1	2	1	2	0	NA	1	1	1	2	2	2	0	1	2	0	2	2	0	2	1	2	2	2	1	1	0	NA	1	1	2	1	1	1	2	1	1	2	1	2	1	2	NA	1	2	1	2	1	1	1	0	NA	NA	0	1	1	1	1	0	1	NA	1	1	1	2	1	1	0	-117
chr20_9135652.meth	chr20_9135652	-0.454806531298211	0.106008562216018	-4.29028110362851	0.000113879842852871	1.10192040424165	39	NA	NA	43	0.0282543693395296	chr20	9135652	NA	9135657	0	0	0	0	0	0	0	0	0	0	0	0	0	0	0	0	0	0	0	0	0	0	0	0	0	1	0	0	0	0	2	1	0	0	0	1	1	0	0	1	0	0	0	0	NA	0	NA	0	0	NA	1	0	0	2	0	1	1	0	0	0	0	1	0	0	0	1	0	0	0	0	5
chr03_1371210.meth	chr03_1371210	0.485221934502028	0.169626741283656	2.86052736042735	0.00718176304147123	1.42700269733371	34	NA	NA	38	0.0419706675686385	chr03	1371210	NA	1371226	1	0	0	0	0	0	0	0	0	1	0	1	0	0	0	0	0	0	0	0	1	NA	0	0	NA	NA	0	0	0	0	2	0	0	0	0	NA	0	0	0	0	0	0	0	0	NA	0	NA	2	NA	0	0	0	0	1	0	0	0	2	1	0	0	0	0	1	0	0	0	0	0	1	16
chr01_3129396.meth	chr01_3129396	-0.181872022237326	0.084778244093276	-2.14526762358069	0.0379040333091556	2.04719399844036	41	NA	NA	45	0.0499315609375698	chr01	3129396	NA	3129624	NA	0	0	0	0	1	0	NA	0	0	0	1	2	0	1	0	2	0	0	1	0	0	0	0	2	1	0	0	2	0	2	0	2	1	0	1	2	0	2	1	0	0	0	0	0	2	NA	1	0	2	2	0	0	1	0	2	1	1	2	2	0	0	1	0	0	0	1	1	0	0	228
chr03_16944432_16946432.meth	chr03_16944432_16946432	0.245669461597682	0.0375865322031219	6.53610341784275	6.72405741046636e-08	0.224334573536867	42	NA	NA	45	0.0053412993699254	chr03	16944432	16946432	16945440	2	2	2	0	1	1	1	2	1	1	1	2	0	0	1	1	2	0	1	1	2	0	1	1	0	0	0	1	1	0	0	0	0	0	1	1	1	0	1	0	0	2	0	1	0	1	NA	0	1	1	0	0	0	0	0	0	0	0	0	0	0	0	0	1	0	0	0	0	0	0	1008
chr03_53769482.meth	chr03_53769482	0.349188288037761	0.118571181997161	2.94496758956254	0.0054868654836396	1.6275889484604	38	NA	NA	42	0.0428312881173789	chr03	53769482	NA	53769476	0	0	1	0	0	0	0	0	0	0	0	0	0	0	0	0	1	0	0	2	0	0	0	0	NA	0	1	0	0	0	0	0	0	0	0	0	1	0	0	0	0	1	0	0	0	2	NA	2	NA	0	0	0	0	NA	0	0	1	1	1	0	1	2	0	0	0	1	0	1	0	0	-6
chr08_25006456.meth	chr08_25006456	0.333432614214412	0.136056766154104	2.45068748610967	0.0191065298512904	2.92937663415187	37	NA	NA	41	0.0791723414635642	chr08	25006456	NA	25007006	1	1	1	1	2	1	1	1	1	1	1	0	0	2	2	1	NA	0	2	0	1	0	1	1	0	0	0	0	NA	0	0	NA	1	1	1	NA	0	0	0	1	0	2	1	2	NA	1	2	1	0	0	1	0	0	1	0	0	0	0	1	2	0	0	0	0	1	1	0	0	0	0	550
chr03_55250484.meth	chr03_55250484	-0.293059312389907	0.124781162976442	-2.34858615995777	0.0240075780008452	1.42052084599016	39	NA	NA	43	0.036423611435645	chr03	55250484	NA	55250800	2	0	0	1	1	0	1	0	0	0	0	1	1	0	NA	0	1	1	0	2	0	2	1	0	NA	1	0	0	0	0	0	1	0	1	0	0	1	0	1	0	2	2	1	1	1	0	NA	0	0	0	0	0	2	1	0	0	1	1	0	0	0	0	1	0	1	1	0	1	2	0	316
chr10_20019496.meth	chr10_20019496	-0.531666111681536	0.145914865157558	-3.64367339206631	0.000764480849279171	2.16709246391033	40	NA	NA	44	0.0541773115977581	chr10	20019496	NA	20019263	0	0	0	0	0	0	1	0	1	0	1	0	0	0	2	0	1	0	NA	1	0	0	0	0	NA	0	0	0	0	0	1	0	0	0	1	1	1	1	0	0	0	0	1	0	0	0	0	1	1	0	0	1	0	0	0	0	0	0	1	0	0	1	0	0	1	0	1	0	1	0	-233
chr04A_8113093_8115093.meth	chr04A_8113093_8115093	-0.326333517224622	0.14255066193159	-2.28924589197087	0.0272863120447879	1.95430114525261	41	NA	NA	45	0.0476658815915272	chr04A	8113093	8115093	8112755	0	0	0	0	0	0	1	0	0	0	0	0	1	0	0	1	0	1	0	0	0	0	0	1	1	NA	0	0	0	0	0	0	0	1	0	0	0	0	1	0	1	2	1	0	0	1	0	1	0	0	0	0	0	0	0	0	0	1	0	0	0	0	1	0	1	0	0	1	0	1	-338
chr07_472271_474271.meth	chr07_472271_474271	0.255113000465122	0.111267454595994	2.29279083799862	0.0271962912650544	0.518732197616847	40	NA	NA	44	0.0129683049404212	chr07	472271	474271	473398	2	1	1	0	0	1	0	1	0	0	1	0	1	0	NA	1	0	1	2	1	1	0	2	0	0	0	0	1	0	1	1	0	0	1	0	1	0	0	1	0	1	1	0	2	0	0	NA	0	0	0	0	0	0	0	0	0	0	0	0	0	0	0	0	0	0	0	0	0	0	0	1127
chr31_1588375.meth	chr31_1588375	-0.667966862809575	0.27610790938677	-2.41922393419701	0.0201937330271093	2.68687214462416	40	NA	NA	43	0.0671718036156039	chr31	1588375	NA	1576637	0	1	1	1	1	1	1	1	1	1	1	0	1	0	0	1	1	1	1	1	1	1	1	1	NA	NA	0	1	0	1	1	0	0	1	0	1	1	1	1	0	0	0	0	0	2	0	NA	0	0	0	1	0	1	1	1	1	0	1	1	1	1	1	1	0	1	1	1	0	1	1	-11738
chr01A_48594724.meth	chr01A_48594724	-0.38962263804282	0.107532009668204	-3.62331773808584	0.000890352044234272	0.8671911326384	36	NA	NA	39	0.0240886425732889	chr01A	48594724	NA	48600933	2	1	1	0	1	0	0	2	1	2	1	0	0	0	0	0	0	0	2	0	0	0	0	0	NA	0	0	2	0	0	0	1	0	0	1	NA	1	0	0	1	1	0	1	0	NA	0	NA	0	NA	1	0	0	0	0	0	0	1	0	0	0	0	1	1	0	0	0	1	1	0	1	6209
chr26_5771363.meth	chr26_5771363	1.01818569731114	0.323234920180491	3.14998669309183	0.00317702701840765	4.02603939327584	38	NA	NA	42	0.105948405086206	chr26	5771363	NA	5771378	NA	NA	0	0	1	1	0	0	0	0	0	1	0	0	0	0	1	0	0	0	0	0	1	0	NA	NA	0	1	0	0	1	1	0	0	0	0	0	0	1	1	0	1	0	0	0	0	NA	0	1	1	0	0	0	NA	0	1	0	1	0	0	0	0	0	0	0	0	NA	0	0	0	15
chr18_4809604.meth	chr18_4809604	-2.43395350071	0.53039923044668	-4.58890843159826	6.95280290560662e-05	13.1072437363353	31	NA	NA	35	0.422814314075331	chr18	4809604	NA	4809602	1	1	1	0	1	1	2	2	2	0	NA	2	2	1	0	0	2	1	1	1	1	0	1	1	NA	0	0	1	1	1	0	2	0	0	2	1	1	2	2	0	0	2	2	0	1	1	NA	0	1	0	0	1	1	NA	2	0	0	0	0	1	0	0	0	1	0	0	0	NA	0	NA	-2
chr26_5771370.meth	chr26_5771370	0.888243527927564	0.315761087342717	2.81302403473007	0.00772654277429001	3.99486362978753	38	NA	NA	42	0.105127990257567	chr26	5771370	NA	5771378	NA	NA	0	0	1	1	0	0	0	0	0	1	0	0	0	0	1	0	0	0	0	0	1	0	NA	NA	0	1	0	0	1	1	0	0	0	0	0	0	1	1	0	1	0	0	0	0	NA	0	1	1	0	0	0	NA	0	1	0	1	0	0	0	0	0	0	0	0	NA	0	0	0	8
chr14_8697784.meth	chr14_8697784	-0.353568795306158	0.129120310149126	-2.73828954482691	0.00944095485658805	2.17686522620436	37	NA	NA	41	0.0588341953028204	chr14	8697784	NA	8697967	1	1	2	1	2	2	1	2	1	1	2	0	0	1	0	2	0	0	1	1	1	0	1	1	NA	NA	0	0	0	2	1	0	0	0	1	1	0	2	0	0	0	0	1	2	0	1	NA	1	0	1	0	1	0	1	0	1	2	1	2	2	2	2	1	1	1	2	2	2	0	1	183
chr11_15099279.meth	chr11_15099279	-0.319566293692712	0.137487230796298	-2.32433435339303	0.0270655176596908	1.53226541740867	30	NA	NA	34	0.0510755139136222	chr11	15099279	NA	15098846	1	2	1	2	2	2	0	2	2	2	1	1	0	2	2	1	1	1	NA	1	NA	2	2	2	2	2	1	2	2	2	2	2	1	1	2	1	2	2	1	1	2	2	2	1	2	2	NA	2	NA	1	1	2	1	2	0	1	2	1	2	2	1	2	1	2	2	2	1	2	2	NA	-433
chr01_111449012_111449662.meth	chr01_111449012_111449662	-0.267056664254507	0.111220686203446	-2.4011420300537	0.020848973274083	0.943140263584847	42	NA	NA	45	0.022455720561544	chr01	111449012	111449662	111451746	0	0	0	0	0	0	0	0	2	0	0	0	0	0	0	0	0	1	0	0	0	1	0	0	NA	0	1	0	1	0	0	2	0	0	1	0	0	0	0	2	0	0	0	0	2	0	0	0	0	0	0	0	1	0	0	0	1	1	0	NA	0	0	2	0	0	0	1	0	0	0	2734
chr07_15178778.meth	chr07_15178778	-0.148050450036652	0.0684955666066033	-2.16146033051983	0.0373865561561277	0.448558985480793	36	NA	NA	40	0.0124599718189109	chr07	15178778	NA	15179243	1	0	0	1	0	2	0	2	1	0	0	0	2	0	0	0	1	0	0	1	0	1	0	0	NA	NA	1	1	1	1	2	0	1	1	2	1	1	0	0	0	1	0	1	2	2	NA	NA	0	2	1	1	NA	1	NA	2	1	0	2	1	2	0	1	1	1	1	1	2	0	1	1	465
chr18_2079571.meth	chr18_2079571	-0.311637616132154	0.103927689038983	-2.99860045974137	0.00476393969567168	1.32822422662113	38	NA	NA	42	0.0349532691216088	chr18	2079571	NA	2079030	NA	0	1	0	0	1	1	0	0	0	0	0	1	0	1	0	0	0	0	0	0	1	1	0	NA	0	0	0	NA	1	1	NA	2	0	1	1	1	1	0	1	2	0	0	0	2	0	1	0	0	1	0	1	1	1	NA	1	0	0	NA	0	1	0	1	1	0	0	0	0	0	0	-541
chr26_5771442.meth	chr26_5771442	0.361076460217736	0.118010188230991	3.05970582396642	0.00410731074871518	2.2356874653829	37	NA	NA	41	0.0604239855508892	chr26	5771442	NA	5771421	0	0	1	0	1	0	1	1	2	0	2	1	0	2	1	0	0	1	0	1	0	2	1	0	NA	NA	1	1	1	0	1	0	1	0	1	2	0	1	1	0	2	1	1	1	2	1	NA	0	1	0	NA	2	1	NA	0	0	1	0	2	1	0	1	0	0	1	1	NA	0	1	0	-21
chr08_25142182.meth	chr08_25142182	0.407746012116097	0.133782263628175	3.04783310625808	0.00436763909568324	2.1301109082177	35	NA	NA	38	0.0608603116633628	chr08	25142182	NA	25142048	0	0	0	1	0	1	0	0	0	1	0	1	0	0	0	0	0	2	NA	1	NA	0	0	0	NA	0	NA	0	0	0	0	2	0	0	0	0	0	1	2	0	0	0	0	0	2	1	0	0	NA	0	0	0	0	NA	0	0	0	1	0	0	0	0	1	0	0	0	0	0	0	0	-134
chr04A_1026569.meth	chr04A_1026569	0.443507263026181	0.197654025072351	2.24385647023295	0.0310850656898803	9.30424279329555	36	NA	NA	40	0.258451188702654	chr04A	1026569	NA	1026260	NA	1	1	2	1	1	2	1	1	2	1	1	2	0	0	2	1	2	2	2	2	1	0	1	NA	2	2	2	2	2	1	1	NA	1	0	0	1	1	2	2	0	1	0	0	0	1	NA	2	2	2	1	2	2	NA	2	2	2	1	1	1	2	2	1	1	1	2	1	0	1	2	-309
chr28_4496567_4497568.meth	chr28_4496567_4497568	-0.137540002548683	0.0628131199182012	-2.18966997225732	0.0349302802835557	0.659400734718326	37	NA	NA	41	0.0178216414788737	chr28	4496567	4497568	4497537	1	1	0	1	1	2	1	0	0	1	0	0	2	1	0	2	0	NA	1	2	0	0	0	1	NA	1	1	2	1	0	0	1	1	2	0	2	2	0	1	1	0	0	1	1	NA	1	NA	1	NA	2	1	1	1	0	1	0	1	1	0	0	1	1	0	1	1	1	1	1	1	0	970
chr03_16997242.meth	chr03_16997242	0.670661175020237	0.207010035275106	3.23975199622068	0.0024880624836535	2.59022436393558	38	NA	NA	42	0.0681637990509362	chr03	16997242	NA	16997238	2	1	2	1	2	2	1	NA	2	1	2	2	2	NA	2	1	2	2	2	2	2	2	2	NA	1	NA	2	2	2	2	1	2	1	1	2	2	2	2	1	2	2	2	1	2	2	2	NA	2	2	2	2	2	2	1	2	2	2	1	2	1	2	2	2	1	2	2	2	1	2	1	-4
chr01_86232472.meth	chr01_86232472	-0.270266879216556	0.130397053135547	-2.07264560599859	0.0450384616167266	2.31708668433064	38	NA	NA	42	0.0609759653771222	chr01	86232472	NA	86231423	NA	1	1	0	1	0	2	1	0	1	2	2	2	1	1	1	0	1	2	1	2	1	2	1	NA	1	2	2	2	1	1	0	1	1	1	2	1	2	2	2	1	1	2	2	2	1	NA	2	NA	2	2	2	0	2	1	2	1	2	2	0	2	2	1	1	2	0	0	1	0	2	-1049
chr17_6880230.meth	chr17_6880230	0.752343097808411	0.270727043428708	2.77897282916448	0.00851799553245794	2.59729052734263	37	NA	NA	41	0.0701970412795306	chr17	6880230	NA	6880174	NA	1	1	0	2	0	1	NA	2	0	0	0	2	1	0	0	0	0	1	1	0	0	2	1	NA	0	1	0	0	0	0	1	1	1	0	0	0	0	1	1	0	1	2	0	NA	0	NA	1	0	1	1	1	1	NA	0	1	2	1	0	1	0	1	1	0	1	0	1	1	2	1	-56
chr03_92876799.meth	chr03_92876799	0.416082765452116	0.200245774103944	2.07786040586372	0.0451217006888206	4.77953630177609	35	NA	NA	39	0.136558180050745	chr03	92876799	NA	92877022	NA	0	1	1	1	2	1	0	1	1	1	0	0	NA	0	1	NA	0	NA	1	2	1	2	0	0	1	0	0	NA	2	0	0	1	0	0	0	0	2	1	1	0	1	0	2	NA	1	2	1	NA	0	0	0	0	NA	0	2	0	1	0	0	0	0	0	0	1	1	1	1	0	1	223
chr10_6140912.meth	chr10_6140912	-0.517387036842864	0.180228194177214	-2.87073306817983	0.0069983704830788	1.33641393172849	34	NA	NA	38	0.0393062921096614	chr10	6140912	NA	6140936	0	0	0	0	1	0	2	NA	0	0	1	0	0	0	0	1	0	0	0	0	0	0	0	0	0	0	0	NA	0	0	0	0	1	0	NA	0	1	1	NA	0	0	0	0	0	0	0	0	0	0	0	0	1	0	0	0	1	0	1	0	0	0	1	0	0	0	0	1	1	0	0	24
chr26_3936089.meth	chr26_3936089	-0.426709583727022	0.170604447010121	-2.50116331200738	0.0175185504711517	2.382717767138	33	NA	NA	37	0.0722035687011514	chr26	3936089	NA	3936001	0	0	0	0	0	0	0	0	0	0	1	1	0	0	0	0	0	0	0	0	0	0	1	1	NA	NA	0	1	0	1	0	1	0	2	NA	0	1	2	0	0	1	0	NA	0	NA	NA	NA	0	0	0	NA	0	0	1	0	0	1	0	0	0	0	0	0	0	1	0	0	0	0	0	-88
chr20_1467422.meth	chr20_1467422	0.25016390832996	0.120670584128203	2.07311425677845	0.0449924666877047	2.40582579410665	38	NA	NA	42	0.0633112051080697	chr20	1467422	NA	1467430	2	0	0	2	1	0	1	1	0	1	1	0	0	1	1	1	0	2	0	1	2	1	1	1	NA	0	1	0	2	0	0	0	2	1	1	0	0	1	NA	1	1	0	2	1	0	1	NA	1	0	0	1	1	0	NA	2	0	0	1	1	1	1	2	1	1	1	2	1	1	1	1	8
chr09_16883417.meth	chr09_16883417	-0.236967803426053	0.116330988725457	-2.03701357671172	0.0494942248377287	1.29365594624275	34	NA	NA	38	0.0380487043012574	chr09	16883417	NA	16883959	0	0	0	0	0	0	1	NA	0	0	0	2	0	1	0	0	2	0	NA	0	0	0	0	0	NA	0	0	0	0	0	0	0	0	0	0	0	0	NA	0	0	0	0	0	0	2	1	NA	0	2	NA	0	0	0	NA	0	0	NA	0	0	0	0	0	0	0	0	0	1	0	1	0	542
chr26_4932265.meth	chr26_4932265	-0.160126962190004	0.0682363915146029	-2.34665049888718	0.0239828148233648	0.593500056070135	40	NA	NA	44	0.0148375014017534	chr26	4932265	NA	4932074	NA	1	1	1	2	1	2	NA	1	1	NA	2	1	1	1	0	1	2	2	2	1	2	2	2	NA	2	1	1	2	1	2	2	1	0	1	1	2	1	1	1	2	0	0	1	1	2	2	1	0	1	2	1	1	NA	2	1	0	2	2	2	2	0	2	2	1	2	2	1	1	2	-191
chr02_115693098.meth	chr02_115693098	0.288257538345524	0.1260726945163	2.28643910127783	0.0287792406922589	1.31656241186451	33	NA	NA	37	0.039895830662561	chr02	115693098	NA	115692888	1	0	0	0	0	1	0	NA	0	0	0	0	0	0	0	1	0	0	0	0	0	0	0	0	0	NA	0	0	1	0	0	NA	0	1	0	0	0	1	1	0	0	0	1	0	NA	NA	NA	0	1	0	1	0	0	0	1	1	2	1	0	0	0	1	0	0	NA	0	1	0	1	1	-210
chr09_25085683_25087683.meth	chr09_25085683_25087683	0.381877889740461	0.164792249378727	2.31732918981418	0.0261236192391174	1.04644690756405	37	NA	NA	41	0.0282823488530824	chr09	25085683	25087683	25087015	1	2	0	1	0	1	0	NA	1	1	NA	1	0	0	0	1	1	0	0	1	0	0	0	0	0	0	0	1	0	1	0	0	0	0	0	0	0	0	0	0	0	0	0	0	0	1	NA	0	0	NA	0	0	0	NA	0	0	0	1	0	0	0	0	0	0	0	0	0	0	0	0	1332
chr21_6365460.meth	chr21_6365460	0.420859171612798	0.182941043762383	2.30051804098942	0.0271561848239637	2.8946275963997	37	NA	NA	41	0.078233178281073	chr21	6365460	NA	6366013	2	2	2	1	1	1	2	2	0	2	2	1	2	1	2	2	2	2	1	2	2	1	1	1	2	1	2	1	2	2	0	2	2	1	NA	2	2	1	1	2	2	1	1	0	2	2	NA	2	NA	2	2	2	2	NA	2	2	2	2	2	2	2	2	2	2	2	2	2	2	2	2	553
chr08_2264890_2265391.meth	chr08_2264890_2265391	-0.163090292709625	0.0804083853411057	-2.02827468824015	0.0494011582540065	0.547253995454101	39	NA	NA	43	0.0140321537295923	chr08	2264890	2265391	2265462	0	0	0	0	0	0	0	0	0	0	1	1	0	0	0	1	0	0	2	0	0	0	0	1	NA	1	0	0	0	0	1	0	0	0	0	0	0	1	0	0	0	0	1	0	0	0	2	0	0	0	0	0	0	NA	0	0	NA	1	0	0	0	0	0	0	1	1	0	0	0	0	572
chr05_39907284.meth	chr05_39907284	0.47830764454234	0.197101692104254	2.42670491275816	0.0216822131779092	2.96568204977918	29	NA	NA	33	0.102264898268248	chr05	39907284	NA	39907002	NA	1	0	1	0	1	0	NA	0	0	0	0	0	0	0	0	0	0	2	0	0	0	0	0	NA	1	0	0	0	0	1	1	0	0	0	0	0	0	0	0	0	0	0	1	0	0	0	2	NA	1	1	0	0	NA	1	1	NA	0	0	0	2	1	1	0	0	0	1	0	0	1	-282
chr07_33818240.meth	chr07_33818240	0.369474826152936	0.13907763868598	2.65660842133769	0.0111952589996154	1.29318945162998	41	NA	NA	45	0.0315412061373166	chr07	33818240	NA	33818152	1	0	0	0	0	0	0	1	0	0	0	0	0	0	0	0	0	0	0	0	0	0	0	0	0	2	0	0	0	0	1	1	1	1	1	0	0	0	0	0	0	1	1	1	0	1	NA	0	1	0	1	0	0	0	1	0	0	1	0	0	0	0	0	0	0	1	0	0	0	0	-88
chr01_16956241.meth	chr01_16956241	0.789940061080286	0.191293417118757	4.12946808613849	0.000198824712691306	1.42219219576924	37	NA	NA	40	0.0384376269126821	chr01	16956241	NA	16955081	1	0	1	0	0	0	0	0	1	0	0	0	0	0	0	1	1	NA	0	NA	0	0	0	0	NA	2	0	0	0	0	0	0	0	0	0	0	0	NA	0	2	0	0	0	0	NA	0	NA	0	0	0	0	0	0	0	1	0	0	0	2	0	0	1	1	0	1	0	0	0	1	0	-1160
chr10_20000622.meth	chr10_20000622	0.341569398449136	0.168242647826745	2.03021887054988	0.0490206788256143	2.50107832825737	40	NA	NA	44	0.0625269582064343	chr10	20000622	NA	20000644	1	2	1	1	1	1	2	1	1	NA	0	0	2	1	1	1	1	1	0	1	1	1	2	1	2	2	1	1	2	0	1	0	1	0	2	2	1	NA	1	1	2	2	1	2	2	2	2	1	1	1	1	2	0	NA	2	0	0	2	0	0	2	0	1	1	1	1	2	1	1	1	22
chr01_12500079.meth	chr01_12500079	-1.23947811016089	0.580552109065299	-2.13499889296153	0.0390996169603501	16.6734569350435	39	NA	NA	43	0.427524536795988	chr01	12500079	NA	12500068	NA	1	0	1	0	0	1	NA	0	0	0	0	0	0	0	0	0	1	0	1	0	0	1	1	0	0	0	0	0	1	1	0	0	1	0	NA	0	0	0	0	0	1	1	1	2	0	0	0	0	1	0	0	0	NA	0	0	0	0	0	0	0	0	0	0	0	0	0	1	NA	0	-11
chr03_105513163_105515163.meth	chr03_105513163_105515163	0.256768929456683	0.1120401476389	2.29175822120689	0.0274026892923356	1.89002409034699	39	NA	NA	43	0.0484621561627432	chr03	105513163	105515163	105509028	2	1	2	2	1	0	1	2	2	1	1	1	2	1	2	1	2	2	1	0	2	2	2	2	NA	1	1	2	0	0	1	0	2	1	2	2	2	2	2	1	0	2	1	1	NA	1	NA	2	0	1	1	0	1	2	0	1	1	2	0	0	1	0	1	1	2	1	0	2	1	1	-4135
chr19_1128444_1130444.meth	chr19_1128444_1130444	0.235373499359985	0.0932262363448805	2.52475599775632	0.0157567644821635	0.886574606673703	39	NA	NA	43	0.0227326822224026	chr19	1128444	1130444	1129241	1	0	NA	0	2	1	1	1	0	1	0	1	0	1	0	0	1	0	NA	1	0	0	0	0	NA	0	0	1	1	0	0	0	0	0	0	0	1	0	1	0	0	0	0	1	0	1	NA	0	0	0	2	1	0	0	0	1	0	0	0	1	0	0	0	0	0	0	1	0	0	0	797
chr20_8595366.meth	chr20_8595366	-0.490215550981469	0.183855980136687	-2.66630190988088	0.0110121041415729	2.76387170222319	40	NA	NA	44	0.0690967925555797	chr20	8595366	NA	8594911	2	0	2	1	0	1	0	0	0	1	1	1	0	0	0	0	0	1	1	0	1	1	1	0	NA	0	0	0	0	0	0	0	0	0	1	1	1	0	1	1	0	1	0	0	1	0	0	0	0	0	0	0	0	NA	0	1	0	1	0	0	0	1	0	1	0	1	1	2	1	0	-455
chr14_10003294.meth	chr14_10003294	0.727986341763212	0.318045061766417	2.28894087435279	0.0277309163763903	11.7384376018882	38	NA	NA	42	0.308906252681267	chr14	10003294	NA	10003491	0	0	1	0	0	0	0	0	0	1	1	1	1	NA	1	0	0	0	1	0	1	2	0	0	NA	NA	0	1	1	0	1	0	1	1	0	0	1	1	0	1	1	0	0	1	0	0	NA	0	0	1	1	0	0	0	0	0	0	0	0	0	1	0	2	0	0	0	2	0	1	0	197
chr01A_67611676_67613676.meth	chr01A_67611676_67613676	0.441558466058967	0.166511287251527	2.65182302862126	0.0117186483095987	4.28242079653414	37	NA	NA	41	0.115741102609031	chr01A	67611676	67613676	67612776	NA	1	1	1	0	1	1	0	0	1	0	0	0	0	1	1	2	0	1	0	0	0	1	0	0	0	0	0	1	0	0	NA	0	NA	0	NA	0	0	0	0	1	1	1	2	NA	0	NA	0	2	0	2	1	0	0	0	0	0	1	0	0	0	0	0	0	0	0	0	0	0	0	1100
chr17_3127955_3128382.meth	chr17_3127955_3128382	0.288841009392053	0.0989226321408522	2.91986781124852	0.00572761101850106	1.91399176744153	40	NA	NA	44	0.0478497941860383	chr17	3127955	3128382	3128234	0	0	0	1	2	0	2	NA	1	0	0	0	0	1	0	1	0	2	NA	1	1	0	0	0	0	0	2	0	1	0	1	0	0	0	0	0	2	1	1	0	2	0	0	0	0	1	NA	2	0	1	0	1	1	0	2	1	0	1	0	2	0	1	1	1	0	0	0	1	0	0	279
chr03_13793852.meth	chr03_13793852	0.69093511804571	0.22545847892528	3.06457810475469	0.00394359418599075	3.00100425503155	39	NA	NA	42	0.076948827052091	chr03	13793852	NA	13792520	0	0	1	0	0	0	0	0	0	0	0	0	1	NA	0	0	0	0	0	0	NA	1	0	0	0	0	0	0	0	1	0	0	0	0	0	0	0	0	0	0	0	0	0	0	1	0	NA	0	0	0	1	0	0	NA	1	0	2	0	1	0	2	0	1	0	0	1	0	0	0	0	-1332
chr01A_41625516.meth	chr01A_41625516	0.224866366242188	0.0857562340503714	2.62215766273162	0.0123981073647853	1.09762729482532	39	NA	NA	42	0.0281442896109058	chr01A	41625516	NA	41616977	2	2	2	2	2	2	NA	2	2	2	2	2	1	2	2	2	2	1	NA	2	NA	1	2	2	NA	2	2	2	1	1	1	0	0	1	0	0	1	2	2	2	2	2	2	2	2	2	NA	1	0	1	0	1	1	0	2	2	0	1	0	2	1	1	1	0	2	0	1	2	2	2	-8539
chr18_11281292_11281913.meth	chr18_11281292_11281913	0.467573799360662	0.139906176226748	3.34205259532545	0.00194899305067668	1.96647327816262	36	NA	NA	40	0.0546242577267393	chr18	11281292	11281913	11281577	NA	1	1	0	0	2	1	2	1	1	0	1	1	0	0	0	1	0	1	0	NA	0	1	1	NA	0	0	0	0	0	0	1	2	0	0	0	1	NA	0	1	0	0	2	0	NA	2	NA	1	0	0	1	0	0	0	0	1	0	0	0	0	0	0	0	0	0	0	0	1	0	0	285
chr17_8157492.meth	chr17_8157492	-1.09473419826894	0.140421587196773	-7.79605344251585	1.77520723260319e-09	2.40778717067206	39	NA	NA	43	0.0617381325813348	chr17	8157492	NA	8157490	NA	1	2	1	1	1	2	2	1	2	2	1	2	1	2	1	2	0	2	2	2	2	2	2	0	1	2	2	1	1	2	2	2	2	NA	2	2	2	2	2	2	0	1	2	2	2	2	2	2	1	2	1	1	NA	1	2	1	2	2	2	2	1	2	2	2	2	2	2	2	2	-2
chr03_9803616.meth	chr03_9803616	0.163455361782971	0.0805805527667872	2.02847158738209	0.0492065218185563	0.981009573885176	40	NA	NA	44	0.0245252393471294	chr03	9803616	NA	9803641	NA	2	2	2	2	2	1	2	1	2	1	2	2	2	1	1	2	2	2	1	2	1	2	2	2	0	2	1	1	1	2	1	2	1	1	2	0	2	2	2	1	2	2	1	2	1	NA	2	2	1	1	2	2	NA	1	1	0	1	0	0	NA	1	1	1	1	0	2	2	2	1	25
chr01A_23312902.meth	chr01A_23312902	-0.776391782881551	0.159025783146513	-4.88217550336632	1.72226495012393e-05	5.29774772941184	40	NA	NA	43	0.132443693235296	chr01A	23312902	NA	23312318	NA	0	2	1	0	2	2	1	2	1	0	1	0	1	1	0	1	1	1	2	0	1	1	0	NA	1	2	2	2	1	0	0	0	2	1	2	0	1	0	2	1	1	1	1	0	1	0	2	2	2	1	2	0	0	0	1	0	1	1	1	1	2	1	0	0	0	0	0	0	1	-584
chr20_15032454.meth	chr20_15032454	0.365620936839233	0.152501428747036	2.39749187822832	0.0215283352887303	2.35342086412481	38	NA	NA	41	0.0619321280032846	chr20	15032454	NA	15048876	0	1	0	1	1	1	1	1	2	0	0	NA	0	1	1	1	0	0	NA	1	2	1	1	2	0	NA	1	0	1	0	0	0	0	0	0	NA	0	0	2	0	1	1	0	1	0	1	0	NA	1	0	0	0	2	0	0	0	0	0	0	0	0	0	0	0	0	0	0	0	0	0	16422
chr04_4897884.meth	chr04_4897884	-0.283724770642942	0.137333891974056	-2.06594866397977	0.0455217534565619	1.46534179220691	39	NA	NA	43	0.037572866466844	chr04	4897884	NA	4897706	0	0	1	0	0	0	0	0	0	1	0	0	0	0	0	0	0	1	0	1	0	0	1	0	NA	0	0	0	0	1	0	0	0	0	0	1	NA	0	0	0	0	0	1	1	0	1	NA	1	0	1	0	0	1	0	0	0	1	0	1	0	NA	2	0	1	1	2	1	0	2	1	-178
chr13_16496647.meth	chr13_16496647	0.41053234732365	0.153729143160412	2.67049135176191	0.0110851809760245	2.55572705457072	38	NA	NA	42	0.0672559751202821	chr13	16496647	NA	16496848	NA	0	0	1	0	0	2	0	1	1	2	0	1	0	0	0	0	0	1	0	0	0	0	0	0	0	0	0	1	0	0	1	0	0	0	0	0	2	2	0	0	1	0	0	0	0	NA	0	NA	0	NA	0	0	NA	1	0	0	0	0	0	0	0	0	0	0	1	0	0	0	2	201
chr20_12318015_12319381.meth	chr20_12318015_12319381	-0.186399553873794	0.0855527330270679	-2.17876796308564	0.0351513660744268	1.05077058613068	41	NA	NA	45	0.0256285508812362	chr20	12318015	12319381	12318022	1	0	1	0	2	0	1	0	1	0	0	0	0	0	0	0	0	1	0	0	0	1	1	0	NA	1	1	1	0	1	1	2	0	1	1	0	1	1	1	0	0	0	0	2	1	0	2	0	1	0	0	0	0	0	0	1	0	0	0	0	0	0	0	0	0	1	0	0	0	0	7
chr02_155716881_155717313.meth	chr02_155716881_155717313	-0.561436978113769	0.187518243463512	-2.99403923449728	0.0047044399910797	1.3486965801952	40	NA	NA	44	0.03371741450488	chr02	155716881	155717313	155716694	1	0	1	0	1	NA	0	0	0	0	NA	1	0	0	0	0	1	0	0	0	0	0	1	0	NA	0	0	0	0	0	0	0	0	0	0	0	1	0	1	0	0	0	0	0	0	0	0	0	0	0	1	0	0	0	0	0	0	0	1	0	0	2	1	1	0	0	1	0	0	0	-187
chr04_27010217_27010482.meth	chr04_27010217_27010482	-0.295484427399273	0.125561494128968	-2.35330448597379	0.0234841936527155	3.04789478471245	41	NA	NA	45	0.0743388971881086	chr04	27010217	27010482	27010327	1	0	0	1	0	0	0	0	0	1	0	1	2	0	1	1	0	0	0	0	NA	0	0	0	0	1	0	1	0	0	0	0	2	0	1	1	1	1	0	0	0	0	0	0	0	0	0	1	0	1	2	0	2	0	2	0	0	0	0	1	0	0	0	0	0	0	0	0	0	1	110
chr01_44924553_44925257.meth	chr01_44924553_44925257	-0.187451288277922	0.060273545056456	-3.11000934327562	0.00348905327578471	0.483018351425877	39	NA	NA	43	0.0123850859339968	chr01	44924553	44925257	44924666	NA	2	0	1	0	1	0	NA	1	0	0	0	0	2	1	1	0	0	1	1	0	1	0	1	NA	0	0	0	2	1	0	0	1	0	0	2	0	0	1	0	2	0	0	1	NA	0	NA	1	0	1	0	1	2	0	1	0	1	2	0	1	0	1	1	2	NA	NA	1	0	0	1	113
chr07_20668138.meth	chr07_20668138	0.446219842337275	0.16507288091653	2.70316868440012	0.010120581020564	4.43216265471648	39	NA	NA	43	0.113645196274781	chr07	20668138	NA	20668160	2	0	0	2	0	2	0	1	1	1	0	1	0	0	0	1	0	1	2	0	1	2	1	0	NA	NA	0	0	NA	0	1	1	1	0	0	0	0	1	1	2	0	2	0	1	2	1	0	0	0	0	2	0	1	0	1	1	0	0	1	0	0	0	0	1	0	0	0	0	0	1	22
chr22_5142885.meth	chr22_5142885	-0.384407708686319	0.137856038744215	-2.78847203349263	0.00822768638525022	1.64210475232301	38	NA	NA	41	0.0432132829558686	chr22	5142885	NA	5145179	NA	0	1	0	2	0	0	0	0	1	NA	0	0	1	1	1	1	0	0	1	0	1	1	0	NA	NA	0	2	0	0	1	0	0	0	0	0	0	0	0	1	0	1	0	1	NA	0	NA	0	0	0	1	0	0	NA	0	1	0	0	0	2	NA	2	0	0	1	2	0	1	0	1	2294
chr05_1801535_1803535.meth	chr05_1801535_1803535	0.322557546921142	0.144469167203839	2.23270856449272	0.0313803721191039	1.38920591273441	39	NA	NA	43	0.0356206644290874	chr05	1801535	1803535	1802576	2	2	2	2	2	1	2	2	1	2	2	2	2	2	1	2	2	2	1	1	1	2	2	2	2	1	1	2	2	2	2	2	2	2	2	2	2	1	1	2	2	1	2	1	2	2	NA	1	NA	2	2	1	2	NA	2	2	2	2	1	2	2	2	2	2	2	2	2	2	2	1	1041
chr28_4419296.meth	chr28_4419296	0.353298861406488	0.125155809115044	2.82287225742542	0.00837071009423596	0.796735085390302	30	NA	NA	34	0.0265578361796767	chr28	4419296	NA	4419146	0	0	0	1	0	1	1	1	0	0	2	0	0	1	0	0	1	0	0	1	NA	1	0	0	NA	NA	1	0	NA	0	2	0	0	0	0	0	1	0	1	1	1	1	0	0	NA	0	NA	0	NA	0	0	0	0	0	0	1	1	0	0	1	1	2	1	0	NA	0	2	0	1	0	-150
chr24_3187318.meth	chr24_3187318	-0.357372361285272	0.147735473552609	-2.41900169736831	0.0207443644242154	2.77278705371081	36	NA	NA	40	0.0770218626030781	chr24	3187318	NA	3187257	0	0	0	1	0	0	0	0	0	1	1	0	0	1	2	0	1	1	2	1	1	0	0	1	NA	NA	1	0	1	0	0	2	0	0	1	1	0	0	1	0	0	1	0	1	0	NA	NA	0	1	0	NA	0	0	0	2	1	0	1	0	0	0	0	0	1	0	0	0	0	0	0	-61
chr31_711418.meth	chr31_711418	0.272264602703889	0.119715307204285	2.27426725171653	0.0286823111965085	1.03096370952672	38	NA	NA	41	0.0271306239349136	chr31	711418	NA	704391	1	0	0	NA	0	0	0	0	0	0	1	1	1	1	1	1	1	1	1	1	0	1	1	1	NA	0	0	1	1	0	NA	0	0	0	0	0	1	1	0	0	0	1	1	1	0	1	NA	1	0	1	0	1	1	NA	1	0	NA	1	1	0	1	1	0	0	0	0	1	1	0	0	-7027
chr05_60249942.meth	chr05_60249942	-0.590823821322583	0.198349961172899	-2.97869390963767	0.00523054653191653	2.45487526501146	35	NA	NA	39	0.0701392932860417	chr05	60249942	NA	60249859	NA	0	1	0	0	0	0	0	1	1	0	0	0	0	0	0	0	2	0	0	0	1	0	1	NA	0	0	1	0	0	0	0	0	1	1	0	0	2	0	0	1	1	0	0	0	1	NA	0	NA	2	0	0	1	0	0	0	0	0	0	1	2	0	1	1	1	1	0	0	1	0	-83
