chr01	119023421	7	60	61
chr01_random1	43722	121007167	60	61
chr01A	76187387	121051626	60	61
chr01A_random1	89507	198508819	60	61
chr02	156035725	198599825	60	61
chr02_random1	353740	357236161	60	61
chr02_random2	281945	357595812	60	61
chr02_random3	109630	357882472	60	61
chr02_random4	69765	357993945	60	61
chr03	116801625	358064880	60	61
chr03_random1	111011	476813214	60	61
chr03_random2	92199	476926091	60	61
chr03_random3	17442	477019842	60	61
chr03_random4	32528	477037590	60	61
chr03_random5	29558	477070676	60	61
chr04	73257097	477100734	60	61
chr04_random1	216157	551578798	60	61
chr04_random2	116708	551798573	60	61
chr04_random3	116594	551917242	60	61
chr04_random4	41746	552035795	60	61
chr04A	9617204	552078245	60	61
chr04A_random1	35023	561855752	60	61
chr05	63258489	561891366	60	61
chr05_random1	17742	626204179	60	61
chr06	36085389	626222224	60	61
chr07	38459648	662909044	60	61
chr08	31262510	702009694	60	61
chr09	25880253	733793253	60	61
chr10	20272128	760104851	60	61
chr10_random1	72671	780714863	60	61
chr11	21491857	780788753	60	61
chr11_random1	36741	802638823	60	61
chr12	20890524	802676184	60	61
chr13	18810845	823914891	60	61
chr14	16541138	843039258	60	61
chr14_random1	34847	859856097	60	61
chr15	13985943	859891532	60	61
chr17	11194341	874110582	60	61
chr18	12073725	885491503	60	61
chr19	11382101	897766464	60	61
chr20	15277844	909338274	60	61
chr21	7507825	924870756	60	61
chr21_random1	95381	932503727	60	61
chr22	5297670	932600705	60	61
chr23	6778862	937986677	60	61
chr24	7098401	944878528	60	61
chr25	2102120	952095243	60	61
chr25_random1	67659	954232414	60	61
chr25_random2	135211	954301216	60	61
chr26	6843954	954438688	60	61
chr27	5236451	961396715	60	61
chr27_random1	65965	966720456	60	61
chr27_random2	24934	966787536	60	61
chr28	5553549	966812893	60	61
chr29	1648998	972459009	60	61
chr29_random1	27319	974135506	60	61
chr31	1590086	974163288	60	61
chr32	784579	975779883	60	61
chr33	437724	976577546	60	61
chr33_random1	276281	977022581	60	61
chr34	606149	977303474	60	61
chr35	523230	977919733	60	61
chr36	338027	978451691	60	61
chr37	276370	978795359	60	61
chrZ	90132487	979076342	60	61
chrZ_random1	25280	1070711052	60	61
chrW	31704074	1070736760	60	61
chrW_random1	626370	1102969250	60	61
chrW_random2	49179	1103606074	60	61
