chr01	119023421	7	60	61
chr01_random1	43722	121007167	60	61
chr01A	76187387	121051626	60	61
chr01A_random1	89507	198508819	60	61
chr02	156035725	198599825	60	61
chr02_random1	353740	357236161	60	61
chr02_random2	281945	357595812	60	61
chr02_random3	109630	357882472	60	61
chr02_random4	69765	357993945	60	61
chr03	116801625	358064880	60	61
chr03_random1	111011	476813214	60	61
chr03_random2	92199	476926091	60	61
chr03_random3	17442	477019842	60	61
chr03_random4	32528	477037590	60	61
chr03_random5	29558	477070676	60	61
chr04	73257097	477100734	60	61
chr04_random1	216157	551578798	60	61
chr04_random2	116708	551798573	60	61
chr04_random3	116594	551917242	60	61
chr04_random4	41746	552035795	60	61
chr04A	9617204	552078245	60	61
chr04A_random1	35023	561855752	60	61
chr05	63258489	561891366	60	61
chr05_random1	17742	626204179	60	61
chr06	36085389	626222224	60	61
chr07	38459648	662909044	60	61
chr08	31262510	702009694	60	61
chr09	25880253	733793253	60	61
chr10	20272128	760104851	60	61
chr10_random1	72671	780714863	60	61
chr11	21491857	780788753	60	61
chr11_random1	36741	802638823	60	61
chr12	20890524	802676184	60	61
chr13	18810845	823914891	60	61
chr14	16541138	843039258	60	61
chr14_random1	34847	859856097	60	61
chr15	13985943	859891532	60	61
chr17	11194341	874110582	60	61
chr18	12073725	885491503	60	61
chr19	11382101	897766464	60	61
chr20	15277844	909338274	60	61
chr21	7507825	924870756	60	61
chr21_random1	95381	932503727	60	61
chr22	5297670	932600705	60	61
chr23	6778862	937986677	60	61
chr24	7098401	944878528	60	61
chr25	2102120	952095243	60	61
chr25_random1	67659	954232414	60	61
chr25_random2	135211	954301216	60	61
chr26	6843954	954438688	60	61
chr27	5236451	961396715	60	61
chr27_random1	65965	966720456	60	61
chr27_random2	24934	966787536	60	61
chr28	5553549	966812893	60	61
chr29	1648998	972459009	60	61
chr29_random1	27319	974135506	60	61
chr31	1590086	974163288	60	61
chr32	784579	975779883	60	61
chr33	437724	976577546	60	61
chr33_random1	276281	977022581	60	61
chr34	606149	977303474	60	61
chr35	523230	977919733	60	61
chr36	338027	978451691	60	61
chr37	276370	978795359	60	61
chrZ	90132487	979076342	60	61
chrZ_random1	25280	1070711052	60	61
chrW	31704074	1070736760	60	61
chrW_random1	626370	1102969250	60	61
chrW_random2	49179	1103606074	60	61
scaffold100	184266	1103656086	60	61
scaffold102	175019	1103843437	60	61
scaffold103	173654	1104021386	60	61
scaffold106	165671	1104197948	60	61
scaffold110	157054	1104366394	60	61
scaffold112	153477	1104526079	60	61
scaffold115	152605	1104682127	60	61
scaffold120	136196	1104837289	60	61
scaffold121	129379	1104975768	60	61
scaffold124	125245	1105107317	60	61
scaffold125	125345	1105234663	60	61
scaffold126	121830	1105362111	60	61
scaffold129	113997	1105485985	60	61
scaffold131	113165	1105601895	60	61
scaffold132	112527	1105716960	60	61
scaffold135	107883	1105831376	60	61
scaffold136	106959	1105941071	60	61
scaffold137	105803	1106049826	60	61
scaffold139	105295	1106157406	60	61
scaffold140	105276	1106264469	60	61
scaffold142	103331	1106371513	60	61
scaffold144	101545	1106476580	60	61
scaffold145	101080	1106579831	60	61
scaffold150	94243	1106682609	60	61
scaffold151	94630	1106778436	60	61
scaffold152	94237	1106874657	60	61
scaffold153	92831	1106970478	60	61
scaffold154	92487	1107064870	60	61
scaffold155	92495	1107158912	60	61
scaffold156	92726	1107252962	60	61
scaffold160	89679	1107347247	60	61
scaffold161	89074	1107438434	60	61
scaffold163	87880	1107529006	60	61
scaffold164	87660	1107618364	60	61
scaffold165	86040	1107707498	60	61
scaffold166	85406	1107794985	60	61
scaffold167	84613	1107881828	60	61
scaffold168	83749	1107967865	60	61
scaffold169	81357	1108053023	60	61
scaffold171	81519	1108135749	60	61
scaffold173	81334	1108218640	60	61
scaffold174	80292	1108301343	60	61
scaffold175	79823	1108382987	60	61
scaffold176	79806	1108464154	60	61
scaffold177	78330	1108545304	60	61
scaffold178	77798	1108624953	60	61
scaffold180	76841	1108704061	60	61
scaffold181	76775	1108782196	60	61
scaffold183	75789	1108860264	60	61
scaffold184	75386	1108937330	60	61
scaffold185	74147	1109013986	60	61
scaffold187	72628	1109089382	60	61
scaffold188	73021	1109163234	60	61
scaffold189	72331	1109237486	60	61
scaffold190	71311	1109311036	60	61
scaffold191	70842	1109383549	60	61
scaffold193	70719	1109455585	60	61
scaffold196	68303	1109527496	60	61
scaffold197	69316	1109596951	60	61
scaffold198	67698	1109667436	60	61
scaffold199	68607	1109736276	60	61
scaffold201	67835	1109806040	60	61
scaffold202	67114	1109875019	60	61
scaffold203	66974	1109943265	60	61
scaffold204	66528	1110011369	60	61
scaffold205	66184	1110079019	60	61
scaffold207	65158	1110146320	60	61
scaffold208	66346	1110212577	60	61
scaffold209	64617	1110280042	60	61
scaffold210	64974	1110345749	60	61
scaffold214	62800	1110411819	60	61
scaffold215	61585	1110475679	60	61
scaffold216	61771	1110538304	60	61
scaffold217	59756	1110601118	60	61
scaffold218	58768	1110661883	60	61
scaffold219	58340	1110721644	60	61
scaffold220	57506	1110780970	60	61
scaffold221	57929	1110839448	60	61
scaffold222	57243	1110898356	60	61
scaffold223	56688	1110956567	60	61
scaffold224	57504	1111014213	60	61
scaffold225	55825	1111072689	60	61
scaffold227	53543	1111129458	60	61
scaffold228	54571	1111183907	60	61
scaffold229	52525	1111239401	60	61
scaffold230	53198	1111292815	60	61
scaffold231	52535	1111346913	60	61
scaffold232	52425	1111400337	60	61
scaffold234	52292	1111453649	60	61
scaffold235	52051	1111506826	60	61
scaffold236	51809	1111559758	60	61
scaffold237	51696	1111612444	60	61
scaffold238	51624	1111665015	60	61
scaffold239	51461	1111717513	60	61
scaffold240	51591	1111769845	60	61
scaffold241	51787	1111822309	60	61
scaffold242	51007	1111874973	60	61
scaffold243	51014	1111926844	60	61
scaffold245	50491	1111978722	60	61
scaffold246	50305	1112030068	60	61
scaffold247	49895	1112081225	60	61
scaffold248	50250	1112131965	60	61
scaffold249	49752	1112183066	60	61
scaffold250	49872	1112233661	60	61
scaffold252	50314	1112284378	60	61
scaffold253	49965	1112335544	60	61
scaffold254	49383	1112386355	60	61
scaffold255	49201	1112436575	60	61
scaffold257	49426	1112486610	60	61
scaffold258	49242	1112536873	60	61
scaffold259	49194	1112586949	60	61
scaffold260	48625	1112636976	60	61
scaffold261	48560	1112686425	60	61
scaffold263	47940	1112735808	60	61
scaffold264	47950	1112784560	60	61
scaffold265	47646	1112833323	60	61
scaffold266	47236	1112881777	60	61
scaffold267	47070	1112929814	60	61
scaffold268	46907	1112977682	60	61
scaffold269	46763	1113025384	60	61
scaffold270	46541	1113072940	60	61
scaffold271	46903	1113120270	60	61
scaffold272	46920	1113167968	60	61
scaffold274	46842	1113215683	60	61
scaffold275	46064	1113263319	60	61
scaffold276	45236	1113310164	60	61
scaffold277	45734	1113356167	60	61
scaffold278	44943	1113402677	60	61
scaffold279	45424	1113448383	60	61
scaffold280	44464	1113494578	60	61
scaffold281	45317	1113539797	60	61
scaffold282	45028	1113585883	60	61
scaffold284	44043	1113631675	60	61
scaffold285	43861	1113676466	60	61
scaffold286	43839	1113721072	60	61
scaffold287	43830	1113765655	60	61
scaffold288	43845	1113810229	60	61
scaffold289	43148	1113854818	60	61
scaffold291	42694	1113898699	60	61
scaffold292	42460	1113942118	60	61
scaffold293	42819	1113985299	60	61
scaffold294	42250	1114028845	60	61
scaffold295	42423	1114071813	60	61
scaffold296	41954	1114114957	60	61
scaffold297	41963	1114157624	60	61
scaffold298	42022	1114200300	60	61
scaffold299	41681	1114243036	60	61
scaffold300	41590	1114285425	60	61
scaffold301	41117	1114327722	60	61
scaffold303	41022	1114369538	60	61
scaffold304	41663	1114411257	60	61
scaffold305	40932	1114453628	60	61
scaffold306	41126	1114495256	60	61
scaffold307	40479	1114537081	60	61
scaffold308	40633	1114578248	60	61
scaffold309	40931	1114619572	60	61
scaffold311	39963	1114661199	60	61
scaffold312	39928	1114701842	60	61
scaffold313	39717	1114742449	60	61
scaffold314	39340	1114782841	60	61
scaffold315	39447	1114822850	60	61
scaffold316	38642	1114862968	60	61
scaffold317	38508	1114902268	60	61
scaffold318	38468	1114941431	60	61
scaffold319	38288	1114980554	60	61
scaffold320	38274	1115019494	60	61
scaffold321	37666	1115058419	60	61
scaffold323	38022	1115096726	60	61
scaffold324	37481	1115135395	60	61
scaffold325	36568	1115173514	60	61
scaffold326	37126	1115210705	60	61
scaffold327	36785	1115248463	60	61
scaffold328	36692	1115285875	60	61
scaffold329	36754	1115323192	60	61
scaffold330	37075	1115360572	60	61
scaffold331	36107	1115398278	60	61
scaffold332	36760	1115435000	60	61
scaffold333	35969	1115472386	60	61
scaffold334	36695	1115508968	60	61
scaffold335	35539	1115546288	60	61
scaffold336	36029	1115582433	60	61
scaffold337	35600	1115619076	60	61
scaffold338	35595	1115655283	60	61
scaffold339	35532	1115691485	60	61
scaffold340	35322	1115727623	60	61
scaffold341	35334	1115763547	60	61
scaffold342	35609	1115799483	60	61
scaffold343	35511	1115835699	60	61
scaffold344	34702	1115871815	60	61
scaffold345	34488	1115907109	60	61
scaffold346	34466	1115942185	60	61
scaffold347	34165	1115977239	60	61
scaffold348	33977	1116011987	60	61
scaffold349	34819	1116046544	60	61
scaffold350	33505	1116081957	60	61
scaffold351	33420	1116116034	60	61
scaffold352	33271	1116150024	60	61
scaffold353	33074	1116183863	60	61
scaffold354	32985	1116217502	60	61
scaffold355	32889	1116251050	60	61
scaffold356	32735	1116284501	60	61
scaffold357	32475	1116317795	60	61
scaffold358	32481	1116350825	60	61
scaffold359	32917	1116383861	60	61
scaffold360	32170	1116417340	60	61
scaffold361	31703	1116450060	60	61
scaffold362	31728	1116482305	60	61
scaffold363	31674	1116514575	60	61
scaffold364	31439	1116546790	60	61
scaffold365	31317	1116578766	60	61
scaffold366	31517	1116610618	60	61
scaffold367	31783	1116642674	60	61
scaffold368	31478	1116675000	60	61
scaffold369	31220	1116707016	60	61
scaffold370	30374	1116738770	60	61
scaffold371	30795	1116769664	60	61
scaffold372	31016	1116800986	60	61
scaffold373	30412	1116832532	60	61
scaffold374	30903	1116863464	60	61
scaffold375	30704	1116894896	60	61
scaffold376	30050	1116926125	60	61
scaffold377	30295	1116956689	60	61
scaffold378	29367	1116987502	60	61
scaffold379	29345	1117017372	60	61
scaffold380	29094	1117047220	60	61
scaffold381	29301	1117076812	60	61
scaffold382	29206	1117106615	60	61
scaffold383	28733	1117136321	60	61
scaffold384	28714	1117165546	60	61
scaffold385	28598	1117194752	60	61
scaffold386	28240	1117223840	60	61
scaffold387	28189	1117252564	60	61
scaffold388	28175	1117281236	60	61
scaffold389	28075	1117309894	60	61
scaffold390	27938	1117338450	60	61
scaffold391	28254	1117366867	60	61
scaffold392	27886	1117395605	60	61
scaffold393	28140	1117423969	60	61
scaffold394	27718	1117452591	60	61
scaffold395	27617	1117480784	60	61
scaffold396	27714	1117508875	60	61
scaffold397	27415	1117537064	60	61
scaffold398	27275	1117564949	60	61
scaffold399	27186	1117592692	60	61
scaffold400	27111	1117620345	60	61
scaffold401	26947	1117647921	60	61
scaffold402	27040	1117675331	60	61
scaffold403	26825	1117702835	60	61
scaffold404	26674	1117730121	60	61
scaffold405	26713	1117757253	60	61
scaffold406	27063	1117784425	60	61
scaffold407	26583	1117811953	60	61
scaffold408	26526	1117838993	60	61
scaffold409	26425	1117865975	60	61
scaffold410	26304	1117892854	60	61
scaffold411	25768	1117919610	60	61
scaffold412	25642	1117945821	60	61
scaffold413	25561	1117971904	60	61
scaffold414	25333	1117997905	60	61
scaffold415	25635	1118023674	60	61
scaffold416	24515	1118049750	60	61
scaffold417	25722	1118074687	60	61
scaffold418	25634	1118100851	60	61
scaffold419	25102	1118126926	60	61
scaffold420	25102	1118152460	60	61
scaffold421	24819	1118177994	60	61
scaffold422	24891	1118203240	60	61
scaffold423	24706	1118228559	60	61
scaffold424	24708	1118253690	60	61
scaffold425	24584	1118278823	60	61
scaffold426	24581	1118303830	60	61
scaffold427	24543	1118328834	60	61
scaffold428	24673	1118353800	60	61
scaffold429	24456	1118378898	60	61
scaffold430	24449	1118403775	60	61
scaffold431	24436	1118428645	60	61
scaffold432	24426	1118453502	60	61
scaffold433	24352	1118478349	60	61
scaffold434	24356	1118503120	60	61
scaffold435	24135	1118527895	60	61
scaffold436	24064	1118552446	60	61
scaffold437	24031	1118576925	60	61
scaffold438	23922	1118601370	60	61
scaffold439	23861	1118625704	60	61
scaffold440	23760	1118649976	60	61
scaffold441	23694	1118674145	60	61
scaffold442	24062	1118698247	60	61
scaffold443	23349	1118722724	60	61
scaffold444	23539	1118746476	60	61
scaffold445	23350	1118770421	60	61
scaffold446	23290	1118794174	60	61
scaffold447	22874	1118817866	60	61
scaffold448	22785	1118841135	60	61
scaffold449	22435	1118864313	60	61
scaffold450	22388	1118887135	60	61
scaffold451	22327	1118909910	60	61
scaffold452	22205	1118932623	60	61
scaffold453	22224	1118955212	60	61
scaffold454	22230	1118977820	60	61
scaffold455	22143	1119000434	60	61
scaffold456	22016	1119022960	60	61
scaffold457	21977	1119045356	60	61
scaffold458	21915	1119067713	60	61
scaffold459	21633	1119090007	60	61
scaffold460	22113	1119112014	60	61
scaffold461	21457	1119134509	60	61
scaffold462	21545	1119156337	60	61
scaffold463	21967	1119178255	60	61
scaffold464	21403	1119200602	60	61
scaffold465	21280	1119222375	60	61
scaffold466	21075	1119244023	60	61
scaffold467	21028	1119265463	60	61
scaffold468	20987	1119286855	60	61
scaffold469	21347	1119308205	60	61
scaffold470	20592	1119329921	60	61
scaffold471	20827	1119350870	60	61
scaffold472	21031	1119372058	60	61
scaffold473	20555	1119393453	60	61
scaffold474	20248	1119414364	60	61
scaffold475	20190	1119434963	60	61
scaffold476	20177	1119455503	60	61
scaffold477	19947	1119476030	60	61
scaffold478	19696	1119496323	60	61
scaffold479	19594	1119516361	60	61
scaffold47	115823	1119536294	60	61
scaffold480	19571	1119654061	60	61
scaffold481	19398	1119673972	60	61
scaffold482	19374	1119693707	60	61
scaffold483	19379	1119713417	60	61
scaffold484	19448	1119733132	60	61
scaffold485	19166	1119752918	60	61
scaffold486	19110	1119772417	60	61
scaffold487	18585	1119791859	60	61
scaffold488	18956	1119810767	60	61
scaffold489	18695	1119830052	60	61
scaffold490	18613	1119849072	60	61
scaffold491	18562	1119868009	60	61
scaffold492	18466	1119886894	60	61
scaffold493	18466	1119905681	60	61
scaffold494	18282	1119924468	60	61
scaffold495	18311	1119943068	60	61
scaffold496	18129	1119961698	60	61
scaffold497	18089	1119980143	60	61
scaffold498	18036	1119998547	60	61
scaffold499	18331	1120016897	60	61
scaffold500	17790	1120035547	60	61
scaffold501	17678	1120053647	60	61
scaffold502	17650	1120071633	60	61
scaffold503	17609	1120089591	60	61
scaffold504	17461	1120107507	60	61
scaffold505	17484	1120125273	60	61
scaffold506	17471	1120143062	60	61
scaffold507	17432	1120160838	60	61
scaffold508	17403	1120178574	60	61
scaffold509	17410	1120196281	60	61
scaffold510	17372	1120213995	60	61
scaffold511	17335	1120231670	60	61
scaffold512	17402	1120249307	60	61
scaffold513	17206	1120267013	60	61
scaffold514	17270	1120284519	60	61
scaffold515	17203	1120302090	60	61
scaffold516	17144	1120319593	60	61
scaffold517	17068	1120337036	60	61
scaffold518	16798	1120354402	60	61
scaffold519	16801	1120371493	60	61
scaffold520	16737	1120388588	60	61
scaffold521	16750	1120405617	60	61
scaffold522	16248	1120422660	60	61
scaffold523	16265	1120439192	60	61
scaffold524	16221	1120455742	60	61
scaffold525	16092	1120472247	60	61
scaffold526	16055	1120488621	60	61
scaffold527	16031	1120504957	60	61
scaffold528	16052	1120521269	60	61
scaffold529	16061	1120537602	60	61
scaffold530	16012	1120553944	60	61
scaffold531	15941	1120570236	60	61
scaffold532	15836	1120586456	60	61
scaffold533	15490	1120602569	60	61
scaffold534	15435	1120618331	60	61
scaffold535	15337	1120634037	60	61
scaffold536	15282	1120649643	60	61
scaffold537	15262	1120665193	60	61
scaffold538	15214	1120680723	60	61
scaffold539	14763	1120696204	60	61
scaffold540	14791	1120711227	60	61
scaffold541	14529	1120726278	60	61
scaffold542	14429	1120741063	60	61
scaffold543	14335	1120755746	60	61
scaffold544	14263	1120770333	60	61
scaffold545	14247	1120784847	60	61
scaffold546	14171	1120799345	60	61
scaffold547	14037	1120813766	60	61
scaffold548	13720	1120828050	60	61
scaffold549	13583	1120842012	60	61
scaffold550	13585	1120855835	60	61
scaffold551	13478	1120869660	60	61
scaffold552	13476	1120883376	60	61
scaffold553	13287	1120897090	60	61
scaffold554	13208	1120910612	60	61
scaffold555	13150	1120924054	60	61
scaffold556	12944	1120937437	60	61
scaffold557	12758	1120950610	60	61
scaffold558	12636	1120963594	60	61
scaffold559	12593	1120976454	60	61
scaffold560	12366	1120989270	60	61
scaffold561	12360	1121001856	60	61
scaffold562	12324	1121014435	60	61
scaffold563	12195	1121026978	60	61
scaffold564	12116	1121039390	60	61
scaffold565	12069	1121051721	60	61
scaffold566	11808	1121064005	60	61
scaffold567	12253	1121076023	60	61
scaffold568	11673	1121088494	60	61
scaffold569	11626	1121100375	60	61
scaffold570	11577	1121112208	60	61
scaffold571	11552	1121123991	60	61
scaffold572	11451	1121135749	60	61
scaffold573	11252	1121147404	60	61
scaffold574	11185	1121158857	60	61
scaffold575	11101	1121170242	60	61
scaffold576	11183	1121181542	60	61
scaffold577	11057	1121192925	60	61
scaffold578	11055	1121204180	60	61
scaffold579	10929	1121215433	60	61
scaffold580	10858	1121226558	60	61
scaffold581	10870	1121237610	60	61
scaffold582	10958	1121248675	60	61
scaffold583	10633	1121259829	60	61
scaffold584	10595	1121270653	60	61
scaffold585	10520	1121281438	60	61
scaffold586	10280	1121292147	60	61
scaffold587	10268	1121302612	60	61
scaffold588	10189	1121313065	60	61
scaffold589	10112	1121323437	60	61
scaffold590	10049	1121333731	60	61
scaffold591	9983	1121343961	60	61
scaffold592	9899	1121354124	60	61
scaffold593	9625	1121364201	60	61
scaffold594	9830	1121374000	60	61
scaffold595	9690	1121384007	60	61
scaffold596	9900	1121393872	60	61
scaffold597	9657	1121403950	60	61
scaffold598	9618	1121413781	60	61
scaffold599	9609	1121423573	60	61
scaffold600	9575	1121433356	60	61
scaffold601	9558	1121443104	60	61
scaffold602	9403	1121452835	60	61
scaffold603	9340	1121462408	60	61
scaffold604	9086	1121471917	60	61
scaffold605	8997	1121481168	60	61
scaffold606	8822	1121490328	60	61
scaffold607	8796	1121499311	60	61
scaffold608	8787	1121508267	60	61
scaffold609	8753	1121517214	60	61
scaffold610	8677	1121526126	60	61
scaffold611	8682	1121534961	60	61
scaffold612	8645	1121543801	60	61
scaffold613	8613	1121552604	60	61
scaffold614	8387	1121561374	60	61
scaffold615	8285	1121569914	60	61
scaffold616	8245	1121578351	60	61
scaffold617	8229	1121586747	60	61
scaffold618	8154	1121595127	60	61
scaffold619	8142	1121603430	60	61
scaffold61	198160	1121611720	60	61
scaffold620	8080	1121813196	60	61
scaffold621	8066	1121821424	60	61
scaffold622	8024	1121829638	60	61
scaffold623	8013	1121837809	60	61
scaffold624	7696	1121845969	60	61
scaffold625	7708	1121853807	60	61
scaffold626	7511	1121861657	60	61
scaffold627	7535	1121869307	60	61
scaffold628	7299	1121876981	60	61
scaffold629	7309	1121884415	60	61
scaffold630	7300	1121891859	60	61
scaffold631	7217	1121899294	60	61
scaffold632	7119	1121906645	60	61
scaffold633	6995	1121913896	60	61
scaffold634	6732	1121921021	60	61
scaffold635	6650	1121927879	60	61
scaffold636	6640	1121934653	60	61
scaffold637	6509	1121941417	60	61
scaffold638	6489	1121948048	60	61
scaffold639	6434	1121954659	60	61
scaffold640	6460	1121961214	60	61
scaffold641	6407	1121967795	60	61
scaffold642	6304	1121974322	60	61
scaffold643	6243	1121980745	60	61
scaffold644	6083	1121987106	60	61
scaffold645	5917	1121993304	60	61
scaffold646	5907	1121999333	60	61
scaffold647	5592	1122005352	60	61
scaffold648	5560	1122011051	60	61
scaffold649	5491	1122016717	60	61
scaffold650	5313	1122022313	60	61
scaffold651	5298	1122027728	60	61
scaffold652	5126	1122033128	60	61
scaffold653	5072	1122038353	60	61
scaffold654	5049	1122043523	60	61
scaffold655	4920	1122048670	60	61
scaffold656	4798	1122053685	60	61
scaffold657	4821	1122058576	60	61
scaffold658	4734	1122063491	60	61
scaffold659	4562	1122068317	60	61
scaffold660	4559	1122072969	60	61
scaffold661	4135	1122077617	60	61
scaffold662	3264	1122081834	60	61
scaffold663	2923	1122085166	60	61
scaffold664	2613	1122088151	60	61
scaffold665	2279	1122090821	60	61
scaffold666	1974	1122093151	60	61
scaffold667	1965	1122095171	60	61
scaffold668	1578	1122097182	60	61
scaffold669	1048	1122098800	60	61
scaffold670	668	1122099879	60	61
scaffold79	42799	1122100571	60	61
scaffold86	327343	1122144096	60	61
scaffold95	220485	1122476907	60	61
scaffold98	196637	1122701079	60	61
scaffold9	87622	1122901005	60	61
unplaced1	10190	1122990099	60	61
unplaced2	58815	1123000470	60	61
unplaced3	55694	1123060277	60	61
unplaced4	72275	1123116911	60	61
unplaced5	70135	1123190402	60	61
unplaced6	24081	1123261717	60	61
unplaced7	51287	1123286211	60	61
unplaced8	27898	1123338364	60	61
unplaced9	65965	1123366738	60	61
unplaced10	104808	1123433815	60	61
unplaced11	73850	1123540382	60	61
unplaced12	21155	1123615475	60	61
unplaced13	15152	1123636995	60	61
unplaced14	40131	1123652412	60	61
unplaced15	66011	1123693224	60	61
unplaced16	142442	1123760348	60	61
unplaced17	16276	1123905177	60	61
unplaced18	17527	1123921737	60	61
unplaced19	103234	1123939569	60	61
unplaced20	24307	1124044536	60	61
unplaced21	61945	1124069261	60	61
unplaced22	41151	1124132251	60	61
unplaced23	14501	1124174100	60	61
unplaced24	51903	1124188855	60	61
unplaced25	94047	1124241636	60	61
unplaced26	58025	1124337263	60	61
