CHR_A	window_start_bp	window_end_bp	average_R2
11	1	10000	0.0137375033333333
11	30001	40000	0.01066295123625
11	40001	50000	0.0116524852857143
11	50001	60000	0.01318948289375
11	60001	70000	0.012676283125
11	70001	80000	0.0115837985666667
11	80001	90000	0.0086642618
11	90001	1e+05	0.00802545615
11	120001	130000	0.00913625714285714
11	140001	150000	0.00620423942857143
11	150001	160000	0.00907071927142857
11	160001	170000	0.0185895976206897
11	170001	180000	0.00577114603333333
11	190001	2e+05	0.0105249601276667
11	200001	210000	0.011683147875
11	220001	230000	0.0227469395625
11	230001	240000	0.0189279953055263
11	240001	250000	0.0133994311058462
11	250001	260000	0.0136867070231105
11	260001	270000	0.0192300850935504
11	270001	280000	0.0104959008930958
11	280001	290000	0.0127981675779803
11	290001	3e+05	0.0149669420168231
11	300001	310000	0.0162637408401786
11	310001	320000	0.0104904266931449
11	320001	330000	0.0131340674143567
11	330001	340000	0.0140343812584794
11	340001	350000	0.014169282508502
11	350001	360000	0.0125913280673203
11	360001	370000	0.0135765700706939
11	370001	380000	0.0148755637009587
11	380001	390000	0.0141050394094013
11	390001	4e+05	0.0136302530647827
11	400001	410000	0.0125039314891284
11	410001	420000	0.0140920560583692
11	420001	430000	0.0142399856726178
11	430001	440000	0.0142199714041777
11	440001	450000	0.0159477585512563
11	450001	460000	0.0122289211531065
11	460001	470000	0.0152258980576555
11	470001	480000	0.0160355001139037
11	480001	490000	0.0129323532950497
11	490001	5e+05	0.0119351412909266
11	500001	510000	0.0159212041634377
11	510001	520000	0.0156291499466467
11	520001	530000	0.0116738135478386
11	530001	540000	0.013301153082436
11	540001	550000	0.0141443339053725
11	550001	560000	0.0132447529122734
11	560001	570000	0.0110426809445276
11	570001	580000	0.0124029237997788
11	580001	590000	0.0111120173563719
11	590001	6e+05	0.010892045023913
11	600001	610000	0.0109247573003008
11	610001	620000	0.016654815115
11	620001	630000	0.0134535887860331
11	630001	640000	0.0103139530339834
11	640001	650000	0.0120596637812886
11	650001	660000	0.0119375224650604
11	660001	670000	0.0154959376982
11	670001	680000	0.0171225531531031
11	680001	690000	0.0142861420011938
11	690001	7e+05	0.0130392198938181
11	700001	710000	0.0202366473755738
11	710001	720000	0.0115776202655235
11	720001	730000	0.0113011617383908
11	730001	740000	0.0144159517820047
11	740001	750000	0.0126467259808427
11	750001	760000	0.0173955667238696
11	760001	770000	0.0137205008607143
11	770001	780000	0.0133979866688085
11	780001	790000	0.0125890778456021
11	790001	8e+05	0.0145546482914316
11	800001	810000	0.0139317015589756
11	810001	820000	0.0136676163502248
11	820001	830000	0.014157628739895
11	830001	840000	0.0133195207707086
11	840001	850000	0.0125390035034692
11	850001	860000	0.0131388329218394
11	860001	870000	0.0123208326436351
11	870001	880000	0.0113817705168571
11	880001	890000	0.0135865966235096
11	890001	9e+05	0.0144021414708024
11	900001	910000	0.0128030170731083
11	910001	920000	0.0132759027889831
11	920001	930000	0.0121118928026139
11	930001	940000	0.0146868451946667
11	940001	950000	0.0137274790861253
11	950001	960000	0.0155691705462037
11	960001	970000	0.0152043214717755
11	970001	980000	0.0124329131488409
11	980001	990000	0.0140406103211132
11	990001	1e+06	0.0151795244570284
11	1000001	1010000	0.0142276410703558
11	1010001	1020000	0.0147345469757566
11	1020001	1030000	0.0134346320605392
11	1030001	1040000	0.0142235160101096
11	1040001	1050000	0.013866866766945
11	1050001	1060000	0.0145119882610378
11	1060001	1070000	0.0146461250522947
11	1070001	1080000	0.0142256683822382
11	1080001	1090000	0.015304753694605
11	1090001	1100000	0.0119593697800802
11	1100001	1110000	0.0140607379073996
11	1110001	1120000	0.0134561654564376
11	1120001	1130000	0.0135446378006522
11	1130001	1140000	0.0124641110387843
11	1140001	1150000	0.0141968476190805
11	1150001	1160000	0.0130857278008673
11	1160001	1170000	0.0163515870574702
11	1170001	1180000	0.013583168873829
11	1180001	1190000	0.0135785954847103
11	1190001	1200000	0.0154148595323313
11	1200001	1210000	0.014017297189334
11	1210001	1220000	0.0135649716555411
11	1220001	1230000	0.0122465077251374
11	1230001	1240000	0.0142679079955853
11	1240001	1250000	0.0144516851620836
11	1250001	1260000	0.0128491488463792
11	1260001	1270000	0.0147722384108135
11	1270001	1280000	0.0134684638817071
11	1280001	1290000	0.0143879117567569
11	1290001	1300000	0.0139562052228773
11	1300001	1310000	0.0143218818620887
11	1310001	1320000	0.0142090673602214
11	1320001	1330000	0.0141539168655462
11	1330001	1340000	0.0142836355426389
11	1340001	1350000	0.01495218443212
11	1350001	1360000	0.013560490573536
11	1360001	1370000	0.0144762861597486
11	1370001	1380000	0.0128743061690262
11	1380001	1390000	0.0140375173708393
11	1390001	1400000	0.0144396541349304
11	1400001	1410000	0.0132078137685197
11	1410001	1420000	0.0128179494837166
11	1420001	1430000	0.0138833020063962
11	1430001	1440000	0.0162049969551417
11	1440001	1450000	0.0145157698354581
11	1450001	1460000	0.0138006179803944
11	1460001	1470000	0.0139973026833392
11	1470001	1480000	0.0126488819871451
11	1500001	1510000	0.0135691032528643
11	1510001	1520000	0.0146755453701036
11	1520001	1530000	0.0148045091367333
11	1530001	1540000	0.0131362197635273
11	1540001	1550000	0.0126063053808915
11	1550001	1560000	0.0144461025413251
11	1560001	1570000	0.0143627724007485
11	1570001	1580000	0.01326771387272
11	1580001	1590000	0.0129627505225518
11	1590001	1600000	0.0133097696172325
11	1600001	1610000	0.0127983227689294
11	1610001	1620000	0.013525640603963
11	1620001	1630000	0.013811212115454
11	1630001	1640000	0.0121349448771309
11	1640001	1650000	0.015019620541805
11	1650001	1660000	0.0134992128600529
11	1660001	1670000	0.0145426541269768
11	1670001	1680000	0.0137588796085263
11	1680001	1690000	0.0134452007689541
11	1690001	1700000	0.0131765159827955
11	1700001	1710000	0.0134696107920687
11	1710001	1720000	0.0142486623040942
11	1720001	1730000	0.0130204150027912
11	1730001	1740000	0.013305586491479
11	1740001	1750000	0.0138361152067051
11	1750001	1760000	0.013387392108546
11	1760001	1770000	0.0136327719637554
11	1770001	1780000	0.0133879318240534
11	1780001	1790000	0.0140750023175871
11	1790001	1800000	0.0136749375723558
11	1800001	1810000	0.0130018325932896
11	1810001	1820000	0.012859582013218
11	1820001	1830000	0.0136684130775204
11	1830001	1840000	0.0156569046730043
11	1840001	1850000	0.0133377259635872
11	1850001	1860000	0.0153132322175546
11	1860001	1870000	0.0140741768707921
11	1870001	1880000	0.0111830402728141
11	1880001	1890000	0.0116510906917857
11	1890001	1900000	0.0145091460718154
11	1900001	1910000	0.0150297765415385
11	1910001	1920000	0.0140063186839744
11	1920001	1930000	0.0132642933168269
11	1930001	1940000	0.0146298667907133
11	1940001	1950000	0.0160366997723047
11	1950001	1960000	0.0139672936398182
11	1960001	1970000	0.0124949249523599
11	1970001	1980000	0.0157280205153442
11	1980001	1990000	0.0145207705979182
11	1990001	2e+06	0.0133808813919804
11	2000001	2010000	0.0139118421968988
11	2010001	2020000	0.0153077102855407
11	2020001	2030000	0.0155475117163584
11	2030001	2040000	0.0146342504871707
11	2040001	2050000	0.0136808623077889
11	2050001	2060000	0.0155227626694844
11	2060001	2070000	0.0138974854792236
11	2070001	2080000	0.0117096138106433
11	2080001	2090000	0.0140622021509289
11	2090001	2100000	0.0139039384425185
11	2100001	2110000	0.0130649573503448
11	2110001	2120000	0.0146086677976096
11	2120001	2130000	0.0140651578316019
11	2130001	2140000	0.0143326976802634
11	2140001	2150000	0.0116981345072822
11	2150001	2160000	0.0133984533657098
11	2160001	2170000	0.0144141063355646
11	2170001	2180000	0.0155284833128753
11	2180001	2190000	0.0141621311675302
11	2190001	2200000	0.0136908061898839
11	2200001	2210000	0.0129595593263199
11	2210001	2220000	0.0139596175096932
11	2220001	2230000	0.0141985934853762
11	2230001	2240000	0.0136728431904327
11	2240001	2250000	0.0135392715490879
11	2250001	2260000	0.0152067057660028
11	2260001	2270000	0.0142562164559551
11	2270001	2280000	0.0135571671088337
11	2280001	2290000	0.0128458797675558
11	2290001	2300000	0.0127301683763595
11	2300001	2310000	0.0133329248022164
11	2310001	2320000	0.0141024822857806
11	2320001	2330000	0.0133702968243765
11	2330001	2340000	0.0137574618981751
11	2340001	2350000	0.0138889701436205
11	2350001	2360000	0.0129937703085095
11	2360001	2370000	0.0146107842675628
11	2370001	2380000	0.0128162218981918
11	2380001	2390000	0.0141131011657204
11	2390001	2400000	0.014428834059362
11	2400001	2410000	0.013927929693389
11	2410001	2420000	0.0127116718335344
11	2420001	2430000	0.0134187413899491
11	2430001	2440000	0.0109674947337931
11	2440001	2450000	0.0113999854127873
11	2450001	2460000	0.0115412744975115
11	2460001	2470000	0.0132783519924592
11	2470001	2480000	0.0128720895652183
11	2480001	2490000	0.0131804476973752
11	2490001	2500000	0.0132963324416885
11	2500001	2510000	0.0134445387788379
11	2510001	2520000	0.0139000278982001
11	2520001	2530000	0.0133657206001782
11	2530001	2540000	0.0139469203108846
11	2540001	2550000	0.0158944969239406
11	2550001	2560000	0.0133085448278283
11	2560001	2570000	0.0128918553138256
11	2570001	2580000	0.0151383356568905
11	2580001	2590000	0.0119698626018182
11	2600001	2610000	0.0123657782295042
11	2610001	2620000	0.0133673231388473
11	2620001	2630000	0.0135594073105324
11	2630001	2640000	0.0134994777170018
11	2640001	2650000	0.0138085178121199
11	2650001	2660000	0.0141905834672561
11	2660001	2670000	0.014065955494734
11	2670001	2680000	0.0141789524789941
11	2680001	2690000	0.0129230687813583
11	2690001	2700000	0.0145007290687355
11	2700001	2710000	0.0152980470490793
11	2710001	2720000	0.0139723633373375
11	2720001	2730000	0.014194970339382
11	2730001	2740000	0.0120303273731752
11	2740001	2750000	0.0130626106119495
11	2750001	2760000	0.0105748639447191
11	2760001	2770000	0.0140424609007778
11	2770001	2780000	0.01186333174575
11	2780001	2790000	0.0141643136559311
11	2790001	2800000	0.0126380653340147
11	2800001	2810000	0.0129152998132923
11	2810001	2820000	0.0148957954841472
11	2820001	2830000	0.0149431212589248
11	2830001	2840000	0.0137596480060204
11	2840001	2850000	0.0097622274925
11	2850001	2860000	0.0117601459274104
11	2860001	2870000	0.0142461369052632
11	2910001	2920000	0.0115000757103714
11	2920001	2930000	0.0133983377656646
11	2930001	2940000	0.0151292586631438
11	2940001	2950000	0.0120623603716367
11	2950001	2960000	0.0127102559451066
11	2960001	2970000	0.0132528191017459
11	2970001	2980000	0.0100940242533333
11	2980001	2990000	0.010187798567037
11	2990001	3e+06	0.0135708758911702
11	3000001	3010000	0.012130501938
11	3010001	3020000	0.0148975740100278
11	3020001	3030000	0.0153975070998206
11	3030001	3040000	0.0134105874198346
11	3040001	3050000	0.01460085396
11	3050001	3060000	0.01231061047203
11	3060001	3070000	0.0137900786188448
11	3070001	3080000	0.016192297853931
11	3080001	3090000	0.0130200933853485
11	3090001	3100000	0.0138971704815556
11	3100001	3110000	0.0134494206904734
11	3110001	3120000	0.014352549870311
11	3120001	3130000	0.0133233676460298
11	3130001	3140000	0.0120773760378378
11	3140001	3150000	0.011804468101126
11	3150001	3160000	0.013280029388172
11	3160001	3170000	0.0132166072094639
11	3170001	3180000	0.0125857578295098
11	3180001	3190000	0.0129897320157604
11	3190001	3200000	0.0139632527381049
11	3200001	3210000	0.0107533297544048
11	3210001	3220000	0.0135985742731484
11	3220001	3230000	0.0144371146184277
11	3230001	3240000	0.0110008384247222
11	3240001	3250000	0.0135498871180966
11	3280001	3290000	0.00241935
11	3290001	3300000	0.0135793318032258
11	3300001	3310000	0.010483642547619
11	3310001	3320000	0.0157301612990741
11	3320001	3330000	0.0123571679627288
11	3330001	3340000	0.0173098637334375
11	3340001	3350000	0.02571945325
11	3350001	3360000	0.0138601475128283
11	3360001	3370000	0.0151028990940357
11	3370001	3380000	0.0167793364459029
11	3380001	3390000	0.014918603865826
11	3390001	3400000	0.015238277665861
11	3400001	3410000	0.0106208799492857
11	3410001	3420000	0.0117661112189833
11	3420001	3430000	0.0115031311534641
11	3430001	3440000	0.0160706261267581
11	3440001	3450000	0.0156111846438288
11	3450001	3460000	0.0164988427469412
11	3460001	3470000	0.0107594170994971
11	3470001	3480000	0.0145130701270813
11	3490001	3500000	0.0133948238421053
11	3500001	3510000	0.0212409169615385
11	3510001	3520000	0.0142055504594468
11	3520001	3530000	0.0145596146607925
11	3540001	3550000	0.003577404835
11	3550001	3560000	0.0150317453354839
11	3560001	3570000	0.0098874702972973
11	3570001	3580000	0.0162229858926562
11	3580001	3590000	0.0146753167427188
11	3590001	3600000	0.0165732643
11	3600001	3610000	0.0146199857
11	3610001	3620000	0.0123395377712903
11	3620001	3630000	0.0184935640767778
11	3630001	3640000	0.0151234239436943
11	3640001	3650000	0.0126679524166667
11	3650001	3660000	0.0215869620264122
11	3670001	3680000	0.0183691228178689
11	3680001	3690000	0.017391218779381
11	3690001	3700000	0.00945049821833333
11	3700001	3710000	0.0188095992677273
11	3710001	3720000	0.0123046784824826
11	3720001	3730000	0.0079832315
11	3730001	3740000	0.0100048110789474
11	3740001	3750000	0.013508423937243
11	3750001	3760000	0.0120853890785
11	3760001	3770000	0.0126700585918978
11	3770001	3780000	0.0135137277088889
11	3780001	3790000	0.0135962406490211
11	3790001	3800000	0.0274106661327778
11	3800001	3810000	0.0149017543550459
11	4000001	4010000	0.03027069
11	4010001	4020000	0.0160482650157895
11	4020001	4030000	0.00937247095294118
11	4030001	4040000	0.0120694353636364
11	4040001	4050000	0.0128807280784314
11	4100001	4110000	0.0131222234146154
11	4110001	4120000	0.0220446330333333
11	4120001	4130000	0.0064134565027027
11	4130001	4140000	0.012953601706405
11	4140001	4150000	0.00997819607368421
11	4150001	4160000	0.0207378686666667
11	4160001	4170000	0.0221800006169048
11	4170001	4180000	0.0255605483458333
11	4180001	4190000	0.0170900387259813
11	4190001	4200000	0.0114684775917308
11	4200001	4210000	0.0135115014866129
11	4210001	4220000	0.0153729464925
11	4220001	4230000	0.0168259761950338
11	4230001	4240000	0.006775907195
11	4240001	4250000	0.0175528898730769
11	4250001	4260000	0.0139626355636842
11	4260001	4270000	0.00966534079722222
11	4270001	4280000	0.0134438418722222
11	4280001	4290000	0.0127406100974016
11	4290001	4300000	0.00912851042060869
11	4300001	4310000	0.0144919176757143
11	4310001	4320000	0.0165397235065385
11	4320001	4330000	0.0128819798524138
11	4330001	4340000	0.0153321685798457
11	4350001	4360000	0.00953535318463158
11	4360001	4370000	0.0177596704357778
11	4370001	4380000	0.0193819707288725
11	4380001	4390000	0.0199103008578571
11	4390001	4400000	0.018091224256772
11	4400001	4410000	0.0112584364387097
11	4410001	4420000	0.0174381853913043
11	4420001	4430000	0.0112158974724306
11	4430001	4440000	0.0122527796032727
11	4440001	4450000	0.0152184617516429
11	4450001	4460000	0.0128515424811449
11	4460001	4470000	0.0136123443565036
11	4470001	4480000	0.0131553873373644
11	4480001	4490000	0.0141535599825333
11	4490001	4500000	0.0152570323356937
11	4500001	4510000	0.0151754040995592
11	4510001	4520000	0.0143199051409306
11	4520001	4530000	0.015566646
11	4530001	4540000	0.0238972018238125
11	4540001	4550000	0.011774349700367
11	4570001	4580000	0.00989361193333333
11	4580001	4590000	0.0141272648169333
11	4590001	4600000	0.0153840028032841
11	4600001	4610000	0.0132309930059307
11	4610001	4620000	0.0121702468209747
11	4620001	4630000	0.0163660813428571
11	4630001	4640000	0.0110792912936205
11	4670001	4680000	0.0224341
11	4680001	4690000	0.0126109126632353
11	4690001	4700000	0.0122483749904348
11	4700001	4710000	0.0120348216108621
11	4710001	4720000	0.0149602116331133
11	4720001	4730000	0.0144713069347826
11	4730001	4740000	0.0124286232372705
11	4740001	4750000	0.0158825291143713
11	4750001	4760000	0.0149090323675
11	4760001	4770000	0.0104538788715438
11	4770001	4780000	0.011685114
11	4780001	4790000	0.016170313019625
11	4840001	4850000	0.01011823881344
11	4850001	4860000	0.0133290805388166
11	4860001	4870000	0.0116121574103162
11	4870001	4880000	0.0124561155478681
11	4880001	4890000	0.0130535432706294
11	4890001	4900000	0.0120303634081065
11	4900001	4910000	0.013092349020704
11	4910001	4920000	0.0132886964562478
11	5110001	5120000	0.0209827518154545
11	5120001	5130000	0.0117636706125
11	5130001	5140000	0.0183666142910417
11	5140001	5150000	0.0169069923138636
11	5150001	5160000	0.0187498748766803
11	5160001	5170000	0.00882792784333333
11	5170001	5180000	0.0136817938537493
11	5210001	5220000	0.00863902587058824
11	5220001	5230000	0.0162117652692308
11	5230001	5240000	0.00981612866666667
11	5240001	5250000	0.0161282101578571
11	5250001	5260000	0.019713442484375
11	5260001	5270000	0.0117120178473684
11	5270001	5280000	0.0130660423417753
11	5380001	5390000	0.0133789697821053
11	5390001	5400000	0.0141190936655357
11	5400001	5410000	0.0103764488836607
11	5410001	5420000	0.01033328916125
11	5420001	5430000	0.0139676225215204
11	5430001	5440000	0.00945663033366071
11	5440001	5450000	0.0153077088010102
11	5450001	5460000	0.0151619134382313
11	5460001	5470000	0.0173268115348148
11	5470001	5480000	0.0165942739482803
11	5480001	5490000	0.0132624268819098
11	5490001	5500000	0.0130966967795714
11	5500001	5510000	0.0102861527716146
11	5510001	5520000	0.0120537759532813
11	5520001	5530000	0.00871704842270833
11	5530001	5540000	0.0130067123588092
11	5540001	5550000	0.0163874444543103
11	5550001	5560000	0.012719360073211
11	5560001	5570000	0.0155649528497665
11	5570001	5580000	0.0117630373951246
11	5580001	5590000	0.0146019406547917
11	5590001	5600000	0.0125693831431019
11	5600001	5610000	0.013535792120899
11	5610001	5620000	0.0126940663626948
11	5620001	5630000	0.0133273294472821
11	5630001	5640000	0.0130116742991714
11	5640001	5650000	0.0123858004261538
11	5650001	5660000	0.0135139000972034
11	5660001	5670000	0.0108385744875
11	5670001	5680000	0.0137532301649724
11	5680001	5690000	0.0128891513029193
11	5690001	5700000	0.0133004683934921
11	5700001	5710000	0.0123019338287192
11	5710001	5720000	0.00894116225761905
11	5720001	5730000	0.0132285233763682
11	5760001	5770000	0.0100866731333333
11	5770001	5780000	0.00773490593033333
11	5780001	5790000	0.0083303073172093
11	5790001	5800000	0.0145445184333333
11	5800001	5810000	0.0145636712849057
11	5810001	5820000	0.0167292604083333
11	5820001	5830000	0.0154176862815789
11	5830001	5840000	0.0121136851142146
11	5840001	5850000	0.011911591875
11	5850001	5860000	0.00553693671428571
11	5860001	5870000	0.015119487375
11	5870001	5880000	0.0114170248552632
11	5880001	5890000	0.01055088834375
11	5890001	5900000	0.0122994740556618
11	5900001	5910000	0.0236714601
11	5910001	5920000	0.0102789196962
11	5920001	5930000	0.0115949536201176
11	5930001	5940000	0.0144248554937895
11	5940001	5950000	0.0150762837289941
11	5950001	5960000	0.01266113415
11	5960001	5970000	0.0144207276991815
11	5970001	5980000	0.0133921097852222
11	5980001	5990000	0.0106271704545455
11	5990001	6e+06	0.00992321180916667
11	6000001	6010000	0.0138487103960794
11	6050001	6060000	0.0038293395
11	6060001	6070000	0.0181172508461538
11	6070001	6080000	0.0162641533090909
11	6080001	6090000	0.01934744975625
11	6090001	6100000	0.01994203252
11	6100001	6110000	0.01289962681725
11	6110001	6120000	0.0139186943287582
11	6120001	6130000	0.0129170129407407
11	6130001	6140000	0.0151774628536364
11	6140001	6150000	0.0125766632907878
11	6150001	6160000	0.0153835237818272
11	6160001	6170000	0.0124426968892091
11	6170001	6180000	0.0117196433839634
11	6180001	6190000	0.0113684864596923
11	6190001	6200000	0.0146350888214383
11	6200001	6210000	0.0131226958317563
11	6210001	6220000	0.0142969567458496
11	6220001	6230000	0.0143204407547089
11	6230001	6240000	0.0157782566625
11	6240001	6250000	0.0119912059747951
11	6250001	6260000	0.0132657559565355
11	6260001	6270000	0.0153100226880126
11	6270001	6280000	0.01323302342
11	6280001	6290000	0.0126435288288897
11	6290001	6300000	0.0137495647818145
11	6300001	6310000	0.014829036783631
11	6310001	6320000	0.0149687127154478
11	6320001	6330000	0.0137262954362718
11	6330001	6340000	0.0146876654791145
11	6340001	6350000	0.0131844743996035
11	6350001	6360000	0.0162213758745587
11	6360001	6370000	0.0130877691219372
11	6370001	6380000	0.0135951479893658
11	6380001	6390000	0.0136962067618432
11	6390001	6400000	0.0123216293423049
11	6400001	6410000	0.0135474574282371
11	6410001	6420000	0.0142403770447704
11	6420001	6430000	0.0132328730265586
11	6430001	6440000	0.0153319808353718
11	6440001	6450000	0.0151098189675678
11	6450001	6460000	0.0142481849123861
11	6460001	6470000	0.0146681291226014
11	6470001	6480000	0.014482442530784
11	6480001	6490000	0.01559884432513
11	6490001	6500000	0.015125245489634
11	6500001	6510000	0.0153791977850625
11	6510001	6520000	0.0147881820910198
11	6520001	6530000	0.0122904795142586
11	6530001	6540000	0.0128299651585068
11	6540001	6550000	0.0187947240366071
11	6550001	6560000	0.0138711037225758
11	6560001	6570000	0.0119598067958115
11	6570001	6580000	0.0145140029586844
11	6580001	6590000	0.0132704630897233
11	6590001	6600000	0.0139036365571429
11	6600001	6610000	0.00707795466666667
11	6610001	6620000	0.0159330289708333
11	6620001	6630000	0.0212906969563107
11	6640001	6650000	0.0136222532142857
11	6650001	6660000	0.0138485228830206
11	6660001	6670000	0.0119820101991466
11	6670001	6680000	0.0122402551549143
11	6680001	6690000	0.0133967512705029
11	6690001	6700000	0.0117229748780474
11	6700001	6710000	0.0129037853422642
11	6730001	6740000	0.01512778994508
11	6740001	6750000	0.0143943358335922
11	6750001	6760000	0.0162722971195424
11	6760001	6770000	0.0160826114937412
11	6770001	6780000	0.012795499992134
11	6780001	6790000	0.0116005101042208
11	6790001	6800000	0.0126416311902711
11	6810001	6820000	0.00735878725
11	6820001	6830000	0.0139292373581034
11	6830001	6840000	0.0145424687928103
11	6840001	6850000	0.0142859032454023
11	6850001	6860000	0.0148514648186883
11	6860001	6870000	0.0130721512716643
11	6870001	6880000	0.0139703797138861
11	6880001	6890000	0.0144940266639683
11	6890001	6900000	0.0122823599716296
11	6900001	6910000	0.0129643053507523
11	6910001	6920000	0.0139126415495617
11	6920001	6930000	0.0164648481245161
11	6930001	6940000	0.0135375111764286
11	6940001	6950000	0.01376551382222
11	6950001	6960000	0.0138674741527527
11	6960001	6970000	0.0127846659649749
11	6970001	6980000	0.0135388200830936
11	6980001	6990000	0.0171524171825899
11	6990001	7e+06	0.0125069849864552
11	7000001	7010000	0.0127914157355445
11	7010001	7020000	0.0139641480644134
11	7020001	7030000	0.0139022953751703
11	7030001	7040000	0.013294025556545
11	7040001	7050000	0.0145055999448754
11	7050001	7060000	0.0139339895877578
11	7060001	7070000	0.0152569926063576
11	7070001	7080000	0.0143817263006476
11	7080001	7090000	0.0139502475923733
11	7090001	7100000	0.0140341860521636
11	7100001	7110000	0.0135553881576275
11	7110001	7120000	0.0128965626553032
11	7120001	7130000	0.0159131751895658
11	7130001	7140000	0.0131157325701522
11	7140001	7150000	0.0126999005835597
11	7150001	7160000	0.0130477407537405
11	7160001	7170000	0.013767832938023
11	7170001	7180000	0.0173360585883333
11	7180001	7190000	0.00989845963636364
11	7190001	7200000	0.0183085166846977
11	7200001	7210000	0.0101859647150877
11	7210001	7220000	0.0134034197699574
11	7220001	7230000	0.012193836849
11	7230001	7240000	0.0132960605230814
11	7240001	7250000	0.0128119778261677
11	7250001	7260000	0.014482696882623
11	7260001	7270000	0.0118528853120743
11	7270001	7280000	0.01260421044248
11	7280001	7290000	0.0139151362657529
11	7290001	7300000	0.0128073996854194
11	7300001	7310000	0.0138441864589493
11	7310001	7320000	0.0139974617870458
11	7320001	7330000	0.0149475960296296
11	7330001	7340000	0.0159412867347364
11	7340001	7350000	0.01058323049
11	7350001	7360000	0.0109192430102222
11	7360001	7370000	0.0145396272876182
11	7370001	7380000	0.0145634091009301
11	7380001	7390000	0.0132953528038417
11	7410001	7420000	0.0249931312708537
11	7420001	7430000	0.0141551360673563
11	7430001	7440000	0.0140955023053409
11	7440001	7450000	0.0128101475477514
11	7450001	7460000	0.0137524759173022
11	7460001	7470000	0.0119008807698246
11	7470001	7480000	0.0140727129626625
11	7480001	7490000	0.0134380682901389
11	7490001	7500000	0.0155859703633191
11	7500001	7510000	0.0154229452587439
11	7510001	7520000	0.01542179830844
11	7520001	7530000	0.0137290510611736
11	7530001	7540000	0.0123846977139024
11	7540001	7550000	0.0135296218137981
11	7550001	7560000	0.0146324934832
11	7560001	7570000	0.0141241037577778
11	7570001	7580000	0.0117168113008642
11	7580001	7590000	0.0129443841515512
11	7590001	7600000	0.0143262419061111
11	7600001	7610000	0.0136223417274883
11	7610001	7620000	0.0139807734367121
11	7620001	7630000	0.0136749310941043
11	7630001	7640000	0.0149637699070572
11	7640001	7650000	0.0151266054368693
11	7650001	7660000	0.016500516743192
11	7660001	7670000	0.0159234480466008
11	7670001	7680000	0.0127929967601054
11	7680001	7690000	0.0115736023834641
11	7690001	7700000	0.0101389435140721
11	7700001	7710000	0.0133021977649291
11	7710001	7720000	0.013771913761865
11	7720001	7730000	0.0140036475454226
11	7730001	7740000	0.0128647569693049
11	7740001	7750000	0.0125905723182508
11	7750001	7760000	0.016059826617346
11	7760001	7770000	0.0117761034227891
11	7770001	7780000	0.0175550988899885
11	7830001	7840000	0.00729005839
11	7840001	7850000	0.0107307029117647
11	7850001	7860000	0.0123366151983401
11	7860001	7870000	0.0135948183190978
11	7870001	7880000	0.0142570888676496
11	7880001	7890000	0.0136147335348387
11	7890001	7900000	0.0137536963525167
11	7900001	7910000	0.0117700200762437
11	7910001	7920000	0.0117277849148148
11	7920001	7930000	0.0143614254416447
11	7930001	7940000	0.0154394206845175
11	7940001	7950000	0.0136653256868155
11	7950001	7960000	0.0130603014404878
11	7960001	7970000	0.0153142321919598
11	7970001	7980000	0.0146278980911422
11	7980001	7990000	0.0130047257238364
11	7990001	8e+06	0.0126946399094227
11	8000001	8010000	0.0136762287500664
11	8010001	8020000	0.00965596564
11	8020001	8030000	0.0125605895
11	8030001	8040000	0.0126237974994643
11	8040001	8050000	0.015057672441145
11	8050001	8060000	0.0146094148961353
11	8060001	8070000	0.0152907803230466
11	8070001	8080000	0.0139263363234957
11	8080001	8090000	0.0119450270818627
11	8090001	8100000	0.0141543976481481
11	8100001	8110000	0.0170069841225093
11	8110001	8120000	0.0137499681364599
11	8120001	8130000	0.00734652
11	8130001	8140000	0.0140308955809524
11	8140001	8150000	0.0175026105416667
11	8150001	8160000	0.0118730021033333
11	8160001	8170000	0.0137756818926667
11	8210001	8220000	0.00781235042758621
11	8220001	8230000	0.0146844046180586
11	8230001	8240000	0.0136253595969897
11	8240001	8250000	0.0131395943199164
11	8250001	8260000	0.0138585986322045
11	8260001	8270000	0.0127762434222848
11	8270001	8280000	0.0201834244106977
11	8280001	8290000	0.01654193198
11	8290001	8300000	0.0139270459918333
11	8300001	8310000	0.0179746407868132
11	8310001	8320000	0.0130227560429639
11	8320001	8330000	0.0124409200231732
11	8330001	8340000	0.00948791654088889
11	8340001	8350000	0.0115683241505952
11	8350001	8360000	0.0119869217158832
11	8360001	8370000	0.0136061460442561
11	8370001	8380000	0.0106171173033333
11	8380001	8390000	0.0173866667126598
11	8390001	8400000	0.0127172249070253
11	8400001	8410000	0.0133276299003327
11	8410001	8420000	0.0146520149176397
11	8420001	8430000	0.0131024339544125
11	8430001	8440000	0.0143970436923684
11	8440001	8450000	0.0135232460625252
11	8450001	8460000	0.014784760879696
11	8460001	8470000	0.015924858908925
11	8470001	8480000	0.0132922389379687
11	8480001	8490000	0.0154825292888889
11	8490001	8500000	0.0145027542142105
11	8500001	8510000	0.0154149342191176
11	8510001	8520000	0.0200142729503381
11	8520001	8530000	0.0129181325019805
11	8530001	8540000	0.0105255441176316
11	8540001	8550000	0.0175981110714286
11	8550001	8560000	0.0105452165115385
11	8560001	8570000	0.0127370095334722
11	8570001	8580000	0.0141014488738683
11	8580001	8590000	0.0182042405
11	8590001	8600000	0.0232814876428571
11	8600001	8610000	0.0155025972663738
11	8620001	8630000	0.0122854596111111
11	8630001	8640000	0.0157994987540504
11	8640001	8650000	0.0151090351250399
11	8650001	8660000	0.0148222859685963
11	8660001	8670000	0.0123397885590852
11	8670001	8680000	0.0134546832115006
11	8680001	8690000	0.0134743289345631
11	8690001	8700000	0.0140333217237439
11	8700001	8710000	0.0146653346571984
11	8710001	8720000	0.0144465866584986
11	8720001	8730000	0.014879132619865
11	8730001	8740000	0.0133141441786701
11	8740001	8750000	0.013753783034153
11	8750001	8760000	0.0124810256127085
11	8760001	8770000	0.0170153407899804
11	8780001	8790000	0.0398519616090909
11	8790001	8800000	0.0147075292488889
11	8800001	8810000	0.00994298063814815
11	8810001	8820000	0.0234195018181818
11	8820001	8830000	0.0158907837637255
11	8920001	8930000	0.0218815873583333
11	8930001	8940000	0.0108412102774194
11	8940001	8950000	0.0135430623208333
11	8950001	8960000	0.0138172042083333
11	8960001	8970000	0.0195185733602941
11	8970001	8980000	0.015278021238
11	8980001	8990000	0.013273170171875
11	8990001	9e+06	0.0154096554742492
11	9000001	9010000	0.0108852935188679
11	9010001	9020000	0.0125034954814815
11	9020001	9030000	0.01276668075
11	9030001	9040000	0.00921574497857143
11	9040001	9050000	0.0131455614567838
11	9050001	9060000	0.0132327979050146
11	9060001	9070000	0.0152630505510938
11	9070001	9080000	0.0152305462728835
11	9080001	9090000	0.0154838085793958
11	9090001	9100000	0.0131569147035417
11	9100001	9110000	0.01390754274505
11	9110001	9120000	0.0117910749116222
11	9120001	9130000	0.0141384788222404
11	9130001	9140000	0.0119108244758879
11	9140001	9150000	0.013090055089011
11	9150001	9160000	0.0110040961022807
11	9160001	9170000	0.0135238658915162
11	9170001	9180000	0.0133943373623187
11	9180001	9190000	0.00799483658366667
11	9190001	9200000	0.00929634870976316
11	9200001	9210000	0.0115973887361421
11	9210001	9220000	0.007804622
11	9220001	9230000	0.0149653099326271
11	9230001	9240000	0.0108862171282576
11	9240001	9250000	0.0192290298575758
11	9250001	9260000	0.0114320054009545
11	9260001	9270000	0.0109576874326263
11	9270001	9280000	0.0105276533933636
11	9280001	9290000	0.0129041351444596
11	9320001	9330000	0.0139083592832308
11	9330001	9340000	0.0152357761313214
11	9340001	9350000	0.0151418230296296
11	9350001	9360000	0.0133054784727719
11	9360001	9370000	0.0132722574947853
11	9370001	9380000	0.0154692716959091
11	9380001	9390000	0.0159345593439294
11	9500001	9510000	0.0131300153157895
11	9510001	9520000	0.01618748630625
11	9520001	9530000	0.0125362492915714
11	9530001	9540000	0.0149653200809283
11	9610001	9620000	0.00948985681750838
11	9620001	9630000	0.0115578662938272
11	9630001	9640000	0.0199645954608889
11	9640001	9650000	0.00831517250467532
11	9650001	9660000	0.0183124854476389
11	9660001	9670000	0.0117630522174412
11	9670001	9680000	0.012845238804595
11	9680001	9690000	0.0136166012686735
11	9690001	9700000	0.0181584541032143
11	9700001	9710000	0.0122635633521696
11	9710001	9720000	0.0130985143221967
11	9720001	9730000	0.0139294987488006
11	9730001	9740000	0.0129057750436271
11	9900001	9910000	0.0172226157619048
11	9910001	9920000	0.00907679743
11	9920001	9930000	0.0119344047233333
11	9930001	9940000	0.02372578525
11	9940001	9950000	0.00754729307071429
11	9950001	9960000	0.0153706998583333
11	9960001	9970000	0.0134275837853333
11	9970001	9980000	0.0132354728230139
11	9980001	9990000	0.01495355726
11	9990001	1e+07	0.0140296749467568
11	10000001	10010000	0.0127094179161111
11	10010001	10020000	0.0150576816666667
11	10030001	10040000	0.0110722454756757
11	10040001	10050000	0.0128890719362083
11	10050001	10060000	0.013302154637037
11	10060001	10070000	0.0124269261042312
11	10070001	10080000	0.0103648435833333
11	10080001	10090000	0.016954482175
11	10090001	10100000	0.0137024308323333
11	10100001	10110000	0.0128485769259524
11	10110001	10120000	0.0138585051897436
11	10120001	10130000	0.0103876534666667
11	10130001	10140000	0.0142089799705882
11	10140001	10150000	0.0198911412166667
11	10150001	10160000	0.00922929993667886
11	10180001	10190000	0.0261437208
11	10190001	10200000	0.005398118525
11	10200001	10210000	0.0205511899525
11	10210001	10220000	0.0256987394125
11	10220001	10230000	0.0132554925
11	10230001	10240000	0.0175837879125
11	10240001	10250000	0.0078640046156
11	10250001	10260000	0.0128216635871538
11	10260001	10270000	0.0269407928125
11	10270001	10280000	0.01689601741875
11	10280001	10290000	0.0228897852666667
11	10290001	10300000	0.0112445094363455
11	10300001	10310000	0.0212308837925
11	10310001	10320000	0.0145522994729106
11	10320001	10330000	0.0152984289272727
11	10330001	10340000	0.00690315093571429
11	10340001	10350000	0.01300069475
11	10350001	10360000	0.0114739000816514
11	10360001	10370000	0.00897356978571429
11	10370001	10380000	0.00900272323636364
11	10380001	10390000	0.0068758075368421
11	10390001	10400000	0.0160141243862571
11	10400001	10410000	0.0104438836817568
11	10410001	10420000	0.0174401184498592
11	10420001	10430000	0.0155541181730645
11	10430001	10440000	0.0130659701504043
11	10440001	10450000	0.0127340172930705
11	10450001	10460000	0.0144977777474295
11	10460001	10470000	0.0138712177319588
11	10470001	10480000	0.0166219110714286
11	10480001	10490000	0.0045576182
11	10490001	10500000	0.0163900944526316
11	10500001	10510000	0.0089884143
11	10510001	10520000	0.0116256186533333
11	10520001	10530000	0.0322679551818182
11	10530001	10540000	0.0046617842
11	10540001	10550000	0.0143831063665591
11	10550001	10560000	0.0123680478458333
11	10560001	10570000	0.0162500682615909
11	10570001	10580000	0.01446289265225
11	10580001	10590000	0.0097191572173913
11	10590001	10600000	0.0111982119713333
11	10600001	10610000	0.0127119764237143
11	10610001	10620000	0.0115403501451273
11	10620001	10630000	0.013458746125146
11	10630001	10640000	0.016125536155
11	10640001	10650000	0.0117075787785714
11	10650001	10660000	0.0148406248438667
11	10850001	10860000	0.00743666386818182
11	10860001	10870000	0.0139236642541667
11	10870001	10880000	0.0091560178501087
11	10880001	10890000	0.0112483374631579
11	10890001	10900000	0.0115282581979545
11	10900001	10910000	0.0108181329621875
11	10910001	10920000	0.0125113727234615
11	11120001	11130000	0.00931841613878363
11	11130001	11140000	0.0186003755444976
11	11140001	11150000	0.0311136404444444
11	11150001	11160000	0.00508892076862348
11	11160001	11170000	0.00746149747106699
11	11170001	11180000	0.0168623535121884
11	11180001	11190000	0.00567846398555789
11	11190001	11200000	0.0158682960706389
11	11200001	11210000	3.07671e-05
11	11210001	11220000	0.0131257619083659
11	11220001	11230000	0.00739523107553571
11	11230001	11240000	0.0140229576
11	11240001	11250000	0.0113964720411765
11	11250001	11260000	0.0106535478635673
11	11260001	11270000	0.0113087616632857
11	11270001	11280000	0.015658289076875
11	11390001	11400000	0.011107467575
11	11400001	11410000	0.0108736842142857
11	11410001	11420000	0.01576876794
11	11420001	11430000	0.0156035200769231
11	11430001	11440000	0.0165706327222222
11	11440001	11450000	0.0235714507928125
11	11450001	11460000	0.0118218486323529
11	11460001	11470000	0.0148823014201923
11	11750001	11760000	0.0196900082470588
11	11760001	11770000	0.02626482807
11	11770001	11780000	0.008606830344
11	11780001	11790000	0.0118880455101613
11	11790001	11800000	0.0171762499675676
11	11800001	11810000	0.015298859271
11	11810001	11820000	0.013414551755283
11	11820001	11830000	0.0118832784546636
11	11830001	11840000	0.0202055591385714
11	11840001	11850000	0.0127676383333333
11	11850001	11860000	0.0365894
11	11860001	11870000	0.00629699369047619
11	11870001	11880000	0.0217769372578947
11	11880001	11890000	0.0179648665571429
11	11890001	11900000	0.0140328956391176
11	11930001	11940000	0.0174078963809524
11	11940001	11950000	0.0217367257687179
11	11950001	11960000	0.0190371124756098
11	11960001	11970000	0.0191542597554412
11	11970001	11980000	0.0115369253085
11	11980001	11990000	0.0175230287156944
11	11990001	1.2e+07	0.0145033324897656
11	12000001	12010000	0.0135259328140952
11	12010001	12020000	0.0171058817941055
11	12110001	12120000	0.0140838600517241
11	12120001	12130000	0.0131881393582143
11	12130001	12140000	0.0180765225315789
11	12140001	12150000	0.0108757940091882
11	12200001	12210000	0.0169619490300286
11	12210001	12220000	0.0136442659240023
11	12220001	12230000	0.0144693384201823
11	12230001	12240000	0.0143898721540278
11	12240001	12250000	0.0217880634592292
11	12250001	12260000	0.0144905167977135
11	12260001	12270000	0.0156066228944444
11	12270001	12280000	0.0154955652003846
11	12280001	12290000	0.01422941059375
11	12290001	12300000	0.0144312799791667
11	12300001	12310000	0.023166379275
11	12310001	12320000	0.0171736358076923
11	12320001	12330000	0.0144429891377597
11	12350001	12360000	0.0121260202125
11	12360001	12370000	0.0129492204018519
11	12370001	12380000	0.0114126513333333
11	12380001	12390000	0.00846422194755319
11	12390001	12400000	0.0126184131473333
11	12400001	12410000	0.0110986190777778
11	12410001	12420000	0.00926366970461538
11	12420001	12430000	0.0137807823800221
11	12430001	12440000	0.0130261089083333
11	12440001	12450000	0.00808131293
11	12450001	12460000	0.0129178976017365
11	12460001	12470000	0.013562666464492
11	12470001	12480000	0.0149756138666429
11	12480001	12490000	0.0147012589647297
11	12490001	12500000	0.0144352203818651
11	12500001	12510000	0.0142567410952381
11	12510001	12520000	0.0112204650136543
11	12520001	12530000	0.010455812498642
11	12530001	12540000	0.0115946239110227
11	12540001	12550000	0.0140001706188732
11	12550001	12560000	0.0171936030633333
11	12560001	12570000	0.0122077671363056
11	12570001	12580000	0.0127386468744476
11	12580001	12590000	0.0149179632339521
11	12590001	12600000	0.0135330683331336
11	12600001	12610000	0.0132890978288302
11	12610001	12620000	0.0135752914170599
11	12620001	12630000	0.014595344511918
11	12630001	12640000	0.00790473813538461
11	12640001	12650000	0.0119863878944441
11	12650001	12660000	0.0143886325396989
11	12660001	12670000	0.0135960718321766
11	12670001	12680000	0.0098772933108125
11	12680001	12690000	0.0134051518265126
11	12690001	12700000	0.0142349626876697
11	12700001	12710000	0.0133658403662558
11	12710001	12720000	0.012730453084586
11	12720001	12730000	0.0128636699348835
11	12730001	12740000	0.0145823909495476
11	12740001	12750000	0.0137965078665742
11	12750001	12760000	0.0131061631421008
11	12760001	12770000	0.0124664575561765
11	12770001	12780000	0.016958890324326
11	12780001	12790000	0.0136045266370851
11	12790001	12800000	0.0135019612383231
11	12800001	12810000	0.00867542360392157
11	12810001	12820000	0.012945953147619
11	12820001	12830000	0.0142570379675
11	12830001	12840000	0.0135856500375
11	12840001	12850000	0.0117621577349315
11	12850001	12860000	0.0147349826372386
11	12860001	12870000	0.0128213325607655
11	12870001	12880000	0.012248456150625
11	12880001	12890000	0.0129080255734375
11	12890001	12900000	0.0187222522091659
11	12940001	12950000	0.0087129398
11	12950001	12960000	0.00890670639230769
11	12960001	12970000	0.0127771456507826
11	12970001	12980000	0.0167473498568
11	12980001	12990000	0.013987512799558
11	12990001	1.3e+07	0.0149305640272664
11	13000001	13010000	0.0122581391452686
11	13010001	13020000	0.0128788424618229
11	13020001	13030000	0.0103683023057143
11	13030001	13040000	0.0144320151337143
11	13040001	13050000	0.0141293850931303
11	13270001	13280000	0.0147781033333333
11	13280001	13290000	0.00600333330466667
11	13290001	13300000	0.00756660160909091
11	13300001	13310000	0.01696144962
11	13310001	13320000	0.0118782121875
11	13320001	13330000	0.0138239450909091
11	13330001	13340000	0.0206707094173913
11	13340001	13350000	0.0117152065199055
11	13350001	13360000	0.0106533564497727
11	13360001	13370000	0.0158085167058824
11	13370001	13380000	0.014487693324
11	13380001	13390000	0.0151123916175117
11	13390001	13400000	0.0163801863
11	13400001	13410000	0.0107936866386387
11	13410001	13420000	0.0164948643071562
11	13420001	13430000	0.0139409963370481
11	13430001	13440000	0.0165100005468034
11	13440001	13450000	0.0128021472161961
11	13450001	13460000	0.0136094077793055
11	13460001	13470000	0.0149033336277778
11	13470001	13480000	0.0214670792777778
11	13480001	13490000	0.0225077299333333
11	13490001	13500000	0.0147524799987255
11	13630001	13640000	0.0097549956028777
11	13640001	13650000	0.0117470428581818
11	13650001	13660000	0.0137768283425455
11	13660001	13670000	0.0133593496858678
11	13670001	13680000	0.00830185263304372
11	13680001	13690000	0.0148348044176923
11	13690001	13700000	0.0130642095771584
11	13700001	13710000	0.0163204303704735
11	13710001	13720000	0.0164284116354545
11	13720001	13730000	0.0174417973583333
11	13730001	13740000	0.0139801977316749
11	13800001	13810000	0.00681861197777778
11	13810001	13820000	0.00515618124666667
11	13820001	13830000	0.0110110020128205
11	13830001	13840000	0.0161188361166667
11	13840001	13850000	0.00971040193125
11	13850001	13860000	0.0111510129302878
11	13860001	13870000	0.0117864028051316
11	13870001	13880000	0.012674895385404
11	13950001	13960000	0.0125492194181818
11	13960001	13970000	0.0130481320361111
11	13970001	13980000	0.0124261992296296
11	13980001	13990000	0.0129469816480769
11	13990001	1.4e+07	0.0130028162663913
11	14000001	14010000	0.0190024196571429
11	14010001	14020000	0.018685198746763
11	14020001	14030000	0.0142131780693333
11	14030001	14040000	0.01624768358516
11	14040001	14050000	0.0118163994442353
11	14050001	14060000	0.014858904682734
11	14220001	14230000	0.004075523
11	14230001	14240000	0.00920373029090909
11	14240001	14250000	0.0125941012307692
11	14250001	14260000	0.0119321427333333
11	14260001	14270000	0.0111636275517241
11	14270001	14280000	0.017214512825
11	14280001	14290000	0.0132383110411364
11	14290001	14300000	0.013420976888
11	14300001	14310000	0.0126217925638188
11	14310001	14320000	0.0133441194672832
11	14320001	14330000	0.00905767018333333
11	14330001	14340000	0.0185375228903704
11	14340001	14350000	0.01116503153125
11	14350001	14360000	0.0129687382057176
11	14360001	14370000	0.0172525087776027
11	14370001	14380000	0.015273125233445
11	14380001	14390000	0.016407381107512
11	14390001	14400000	0.018046589804629
11	14400001	14410000	0.0149182667709743
11	14410001	14420000	0.0124162765498817
11	14420001	14430000	0.0122918912952885
11	14430001	14440000	0.0153873302006474
11	14440001	14450000	0.0126108633184902
11	14450001	14460000	0.0125114036956
11	14460001	14470000	0.0133481668776037
11	14470001	14480000	0.0147839541203478
11	14480001	14490000	0.0107586732442917
11	14490001	14500000	0.014691763318875
11	14500001	14510000	0.0183159556632917
11	14510001	14520000	0.0133721814999107
11	14520001	14530000	0.0119790313390875
11	14530001	14540000	0.0137252259097079
11	14550001	14560000	0.0126850383691111
11	14560001	14570000	0.0131971716
11	14570001	14580000	0.0162376204466667
11	14580001	14590000	0.00935321744055556
11	14590001	14600000	0.009716217380625
11	14600001	14610000	0.014259685660102
11	14610001	14620000	0.00942385134545455
11	14620001	14630000	0.0141801339663163
11	14630001	14640000	0.0242452782857143
11	14640001	14650000	0.0158669761923077
11	14650001	14660000	0.0106019641381818
11	14660001	14670000	0.015736132
11	14670001	14680000	0.0241950642332673
11	14680001	14690000	0.0104627839345455
11	14690001	14700000	0.009883416
11	14700001	14710000	0.027327063264
11	14710001	14720000	0.00956218870857143
11	14720001	14730000	0.0112765825930357
11	14730001	14740000	0.010857067
11	14740001	14750000	0.00832101466666667
11	14750001	14760000	0.039663947005
11	14760001	14770000	0.00866551345555555
11	14770001	14780000	0.0147902841921569
11	14790001	14800000	0.0117508398888889
11	14800001	14810000	0.0086498753255
11	14810001	14820000	0.0224685476020408
11	14820001	14830000	0.0121523597829286
11	14830001	14840000	0.0133650892727473
11	14840001	14850000	0.0106536572057302
11	14850001	14860000	0.0172073452630952
11	14860001	14870000	0.0137002716346467
11	14870001	14880000	0.0121155057777778
11	14880001	14890000	0.0131885881889404
11	14890001	14900000	0.0105962406914286
11	14900001	14910000	0.0139349011509259
11	14910001	14920000	0.0118569553377835
11	14920001	14930000	0.0133639298264706
11	14930001	14940000	0.022005619176875
11	14940001	14950000	0.011623415061
11	14950001	14960000	0.018655312125
11	14960001	14970000	0.0115850235273526
11	14970001	14980000	0.0148696655
11	14980001	14990000	0.0137597067525316
11	15050001	15060000	0.0098799885
11	15060001	15070000	0.0105935712333333
11	15070001	15080000	0.0071857726
11	15080001	15090000	0.0118163741190476
11	15090001	15100000	0.0128503947798333
11	15100001	15110000	0.0146626765511111
11	15110001	15120000	0.0168917560128205
11	15120001	15130000	0.0144697623150704
11	15200001	15210000	0.0124095074193333
11	15210001	15220000	0.0131643529074667
11	15220001	15230000	0.0165245797152727
11	15230001	15240000	0.0111668247118333
11	15240001	15250000	0.015762547176
11	15250001	15260000	0.00936968994666667
11	15260001	15270000	0.0134710358309524
11	15270001	15280000	0.0127385609427854
11	15280001	15290000	0.0119410126666667
11	15290001	15300000	0.00910011550041667
11	15300001	15310000	0.0200749783333333
11	15310001	15320000	0.012734613425
11	15320001	15330000	0.015406683702381
11	15330001	15340000	0.0178824405
11	15340001	15350000	0.024542292383
11	15440001	15450000	0.012975615
11	15450001	15460000	0.0103429437222222
11	15460001	15470000	0.00620222408
11	15470001	15480000	0.0120315716722222
11	15480001	15490000	0.0110121852333333
11	15490001	15500000	0.0112341499222222
11	15500001	15510000	0.0109678863293333
11	15510001	15520000	0.0140927982610101
11	15520001	15530000	0.011570286062027
11	15730001	15740000	0.0168880073333333
11	15740001	15750000	0.00618681242458333
11	15750001	15760000	0.0206677292627451
11	15760001	15770000	0.0122336825592593
11	15770001	15780000	0.0015489845
11	15800001	15810000	0.012174456846748
11	15810001	15820000	0.00998817080769231
11	15820001	15830000	0.0168983709817857
11	15830001	15840000	0.0145748690032381
11	15840001	15850000	0.016783934844898
11	15850001	15860000	0.0153585806038961
11	15860001	15870000	0.0145908607747748
11	15870001	15880000	0.0144692133101855
11	15880001	15890000	0.0138659964988189
11	16210001	16220000	0.0193988055442045
11	16220001	16230000	0.0129599144622239
11	16240001	16250000	0.0070953838
11	16250001	16260000	0.0112193042961538
11	16260001	16270000	0.0113079316830439
11	16270001	16280000	0.01427481555
11	16280001	16290000	0.00896035233
11	16290001	16300000	0.005543654625
11	16410001	16420000	0.04117645
11	16420001	16430000	0.01891802965
11	16430001	16440000	0.0146112296285714
11	16480001	16490000	0.0241052962594231
11	16490001	16500000	0.01118860875
11	16510001	16520000	0.01345124361875
11	16550001	16560000	0.0252450396192308
11	16580001	16590000	0.04931167
11	16590001	16600000	0.00489030766666667
11	16650001	16660000	0.00982481376291139
11	16900001	16910000	0.0209187137
11	16910001	16920000	0.0135859665909091
11	16920001	16930000	0.0180394938214286
11	16930001	16940000	0.0200069274222222
11	16940001	16950000	0.0214415528601667
11	16950001	16960000	0.0284221569037179
11	16960001	16970000	0.0157583353298058
11	16970001	16980000	0.0368433215
11	16980001	16990000	0.0297530329959459
11	17060001	17070000	0.0327832
11	17070001	17080000	0.01661718625
11	17080001	17090000	0.01230855
11	17090001	17100000	0.026069835
11	17100001	17110000	0.0133445481166667
11	17110001	17120000	0.0271682919262353
11	17120001	17130000	0.014606297392
11	17130001	17140000	0.0151280930781818
11	17150001	17160000	0.0413851583333333
11	17160001	17170000	0.014406758
11	17170001	17180000	0.009636088
11	17180001	17190000	0.0112462937777778
11	17190001	17200000	0.007762176
11	17200001	17210000	0.0111908555740741
11	17270001	17280000	0.0157212212780488
11	17280001	17290000	0.0117220423325714
11	17290001	17300000	0.0245357233558333
11	17300001	17310000	0.0210205419052147
11	17310001	17320000	0.04188493945
11	17320001	17330000	0.0342807760588235
11	17330001	17340000	0.0294204954720539
11	17440001	17450000	0.0450120097358974
11	17450001	17460000	0.0360528884863636
11	17460001	17470000	0.0375878611925
11	17470001	17480000	0.0445097695842105
11	17480001	17490000	0.063840351115
11	17490001	17500000	0.0812678457241667
11	17500001	17510000	0.0606380739321525
11	17540001	17550000	0.00783393681575758
11	17550001	17560000	0.0095265629125
11	17560001	17570000	0.00893035442285714
11	17570001	17580000	0.00846226740921053
11	17580001	17590000	0.00379901663541667
11	17590001	17600000	0.00704372757857143
11	17600001	17610000	0.00648225598139902
11	17630001	17640000	0.0280166510780952
11	17640001	17650000	0.0224474718450357
11	17650001	17660000	0.0229987961167532
11	17660001	17670000	0.0236362507104464
11	17670001	17680000	0.0238148280835429
11	17680001	17690000	0.0246107356796236
11	17750001	17760000	0.00595250875
11	17760001	17770000	0.008931400575
11	17770001	17780000	0.00843927492692308
11	17780001	17790000	0.0110300903571429
11	17790001	17800000	0.01291776195675
11	17800001	17810000	0.00565999713131818
11	17810001	17820000	0.009731434
11	17820001	17830000	0.00941248465175879
11	17830001	17840000	0.04429992965
11	17840001	17850000	0.0450384617346429
11	17850001	17860000	0.0435078554545455
11	17860001	17870000	0.0569301573571429
11	17870001	17880000	0.0234364070850833
11	17880001	17890000	0.0155179845217708
11	17890001	17900000	0.0187233458258125
11	17900001	17910000	0.0402258943788
11	17910001	17920000	0.0191675450685185
11	17920001	17930000	0.019215499
11	17930001	17940000	0.0173099626720635
11	17940001	17950000	0.0154711117193854
11	17950001	17960000	0.0558473157121951
11	17960001	17970000	0.0111535808
11	17970001	17980000	0.01250321565
11	17980001	17990000	0.0183885384054054
11	17990001	1.8e+07	0.0133738364149347
11	18000001	18010000	0.0128711146326912
11	18010001	18020000	0.0189882407074829
11	18020001	18030000	0.0188066532951568
11	18030001	18040000	0.0440603506982836
11	18040001	18050000	0.0325303055384615
11	18050001	18060000	0.018773461725625
11	18060001	18070000	0.02492589
11	18110001	18120000	0.0288553074074074
11	18160001	18170000	0.0835648375
11	18170001	18180000	0.0681445533333333
11	18190001	18200000	0.0955114976530612
11	18210001	18220000	0.0481227178504673
11	18260001	18270000	0.26582654015873
11	18270001	18280000	0.148008560998689
11	18280001	18290000	0.181114528935583
11	18290001	18300000	0.0244037309047619
11	18300001	18310000	0.0305025217857143
11	18310001	18320000	0.0263388022319668
11	18320001	18330000	0.0372754860569034
11	18340001	18350000	0.01861032312
11	18350001	18360000	0.0134815601164286
11	18360001	18370000	0.0163317286315789
11	18370001	18380000	0.02128825
11	18380001	18390000	0.01648346825
11	18390001	18400000	0.021044142125
11	18400001	18410000	0.0153499314858101
11	18410001	18420000	0.0109186323776852
11	18420001	18430000	0.0098888119942029
11	18430001	18440000	0.0122274400958333
11	18440001	18450000	0.0113181444617919
11	18450001	18460000	0.0103761015151515
11	18520001	18530000	0.02284543875
11	18530001	18540000	0.0276959613333333
11	18540001	18550000	0.00979061023809524
11	18550001	18560000	0.00653064162
11	18560001	18570000	0.0151633800678571
11	18570001	18580000	0.0108673638076923
11	18580001	18590000	0.0157589311921053
11	18590001	18600000	0.0141063305073381
11	18600001	18610000	0.018135127
11	18610001	18620000	0.0283783853653846
11	18620001	18630000	0.0266987175
11	18630001	18640000	0.0166078856255474
11	18640001	18650000	0.029428248812782
11	18650001	18660000	0.0181233175
11	18660001	18670000	0.010989639475
11	18670001	18680000	0.0172203721363636
11	18680001	18690000	0.012180225376359
11	18690001	18700000	0.0084175248942029
11	18700001	18710000	0.0120803559834394
11	18710001	18720000	0.00682939825925926
11	18720001	18730000	0.00971611738496774
11	18860001	18870000	0.00600074666666667
11	18870001	18880000	0.012450068483871
11	18880001	18890000	0.00959356521157353
11	18890001	18900000	0.0159725745371429
11	18900001	18910000	0.014382324676369
11	18910001	18920000	0.0139370044906349
11	18920001	18930000	0.0116441127033889
11	18930001	18940000	0.0111158025886969
11	18940001	18950000	0.0135465436414977
11	19070001	19080000	0.0107251250182143
11	19080001	19090000	0.0156746178086458
11	19090001	19100000	0.0127322922203226
11	19100001	19110000	0.0157507008603061
11	19110001	19120000	0.0135989800591795
11	19120001	19130000	0.0123630511933434
11	19130001	19140000	0.020930872200885
11	19360001	19370000	0.0153363816674194
11	19370001	19380000	0.0693454375185185
11	19380001	19390000	0.0727526341615238
11	19390001	19400000	0.034089556447688
11	19400001	19410000	0.0776997983587179
11	19410001	19420000	0.02397489351375
11	19420001	19430000	0.0306538084973383
11	19450001	19460000	0.288454789625974
11	19460001	19470000	0.194724864800077
11	19470001	19480000	0.0443127407307143
11	19480001	19490000	0.0456932473240399
11	19490001	19500000	0.0120542487017544
11	19500001	19510000	0.0308319465635036
11	19510001	19520000	0.091679110105
11	19520001	19530000	0.0836642389884892
11	19560001	19570000	0.0021071723215
11	19570001	19580000	0.0305399295598305
11	19580001	19590000	0.073018251192674
11	19590001	19600000	0.546230458333333
11	19600001	19610000	0.474337507894737
11	19610001	19620000	0.459930943396226
11	19710001	19720000	0.010437844625
11	19750001	19760000	0.019266526025641
11	19790001	19800000	0.0642835409212222
11	19800001	19810000	0.285437918872222
11	19810001	19820000	0.028108075
11	19830001	19840000	0.03699534
11	19910001	19920000	0.00779549465652174
11	19920001	19930000	0.00802174773728814
11	19930001	19940000	0.0232919906354745
11	19940001	19950000	0.0453324207315436
11	19950001	19960000	0.0638830219047619
11	19960001	19970000	0.0442783772438017
11	19970001	19980000	0.0375399828291855
11	19980001	19990000	0.0182140711558734
11	20070001	20080000	0.001283112425
11	20080001	20090000	0.0101025323629851
11	20090001	20100000	0.0117142797672263
11	20100001	20110000	0.0130886154868259
11	20110001	20120000	0.0120967170572034
11	20130001	20140000	0.0134345972212154
11	20140001	20150000	0.0108289143708333
11	20150001	20160000	0.0240137907142857
11	20160001	20170000	0.01012019442425
11	20170001	20180000	0.0144660517011141
11	20180001	20190000	0.0145112860754691
11	20190001	20200000	0.0145342214306
11	20200001	20210000	0.0142467652656066
11	20210001	20220000	0.0147495527526657
11	20220001	20230000	0.0209524033598462
11	20230001	20240000	0.0179121199591667
11	20240001	20250000	0.0222325535328672
11	20250001	20260000	0.0121156670852667
11	20260001	20270000	0.0170449678707749
11	20270001	20280000	0.0108506152707742
11	20280001	20290000	0.0104054059816064
11	20360001	20370000	0.0645796401052717
11	20370001	20380000	0.0545864643256823
11	20380001	20390000	0.0580803018139588
11	20390001	20400000	0.0559397980998044
11	20400001	20410000	0.0531846539811668
11	20410001	20420000	0.129190424519313
11	20420001	20430000	0.0931520399120625
11	20430001	20440000	0.0747192178039216
11	20440001	20450000	0.117778326395208
11	20450001	20460000	0.0349924497496955
11	20460001	20470000	0.10404618782
11	20470001	20480000	0.0932245377304857
11	20560001	20570000	0.0203043275418519
11	20570001	20580000	0.009403811551875
11	20580001	20590000	0.01003605979702
11	20590001	20600000	0.161198905119336
11	20600001	20610000	0.0888420931554583
11	20610001	20620000	0.14030879256
11	20620001	20630000	0.12620752757193
11	20630001	20640000	0.151607618333333
11	20640001	20650000	0.131439930229591
11	20650001	20660000	0.032498545506
11	20660001	20670000	0.0620217352222222
11	20670001	20680000	0.046880009385
11	20680001	20690000	0.0225727248044143
11	20690001	20700000	0.0309450819571429
11	20700001	20710000	0.0394053209388252
11	20710001	20720000	0.0159419138661806
11	20720001	20730000	0.0154651269524657
11	20730001	20740000	0.01897695177024
11	20740001	20750000	0.0331281172115385
11	20750001	20760000	0.0366347231578947
11	20760001	20770000	0.0257691504425
11	20770001	20780000	0.0399769702462121
11	20780001	20790000	0.0109442332307692
11	20790001	20800000	0.0107506088540984
11	20870001	20880000	0.0152097117663514
11	20880001	20890000	0.0160733499573913
11	20890001	20900000	0.0218934897763158
11	20900001	20910000	0.0180596699162533
11	20910001	20920000	0.0171771311305507
11	20920001	20930000	0.0277706835705882
11	20930001	20940000	0.0417324927343434
11	20950001	20960000	0.0520016986037037
11	20960001	20970000	0.0533463057347037
11	20970001	20980000	0.0470465841040936
11	20980001	20990000	0.0520700456882114
11	20990001	2.1e+07	0.015927590843757
11	21070001	21080000	0.0301231188888889
11	21080001	21090000	0.0272079429411667
11	21090001	21100000	0.047892217615873
11	21100001	21110000	0.0421747887857143
11	21110001	21120000	0.0414492434492754
11	21120001	21130000	0.0454715818557959
11	21150001	21160000	0.0236310427775453
11	21160001	21170000	0.0253406397200063
11	21170001	21180000	0.0247497835819587
11	21180001	21190000	0.0360532998864227
11	21190001	21200000	0.00122085223333333
11	21200001	21210000	0.00522674366666667
11	21210001	21220000	0.0812792346615833
11	21220001	21230000	0.0747051511111111
11	21230001	21240000	0.0934555147002469
11	21240001	21250000	0.108469900851676
11	21250001	21260000	0.0162267666458224
11	21260001	21270000	0.0231211424773846
11	21270001	21280000	0.0242105867077567
11	21280001	21290000	0.00614972057323232
11	21300001	21310000	0.0108878338333333
11	21310001	21320000	0.0316334001943071
11	21320001	21330000	0.0342266993243542
11	21330001	21340000	0.0473967017473416
11	21340001	21350000	0.0165815623719512
11	21350001	21360000	0.0640007525832617
11	21360001	21370000	0.167814484247159
11	21370001	21380000	0.132918645954352
11	21380001	21390000	0.226407836075287
11	21390001	21400000	0.0162464818992174
11	21450001	21460000	0.00732555770833333
