CHR_A	window_start_bp	window_end_bp	average_R2
11	250001	260000	0.0786390885714286
11	260001	270000	0.15007715
11	270001	280000	0.04692208
11	290001	3e+05	0.00999398
11	330001	340000	0.0170160384
11	350001	360000	0.022776
11	360001	370000	0.017499124312
11	370001	380000	0.0814848561
11	380001	390000	0.0973619758
11	410001	420000	0.04841495
11	420001	430000	0.00771952
11	460001	470000	0.03728583
11	490001	5e+05	0.03244285
11	520001	530000	0.004746095
11	540001	550000	0.0170382
11	590001	6e+05	0.040294486
11	620001	630000	0.0119261428571429
11	630001	640000	0.074770971875
11	640001	650000	0.0347119285714286
11	650001	660000	0.0187012
11	660001	670000	0.0535255957142857
11	670001	680000	0.0694654593333333
11	690001	7e+05	0.2151583566
11	700001	710000	0.176933948142857
11	710001	720000	0.04917299551875
11	750001	760000	0.0112673324978947
11	760001	770000	0.01216093525
11	770001	780000	0.0190129533461538
11	780001	790000	0.016864965
11	790001	8e+05	0.00510742638461538
11	800001	810000	0.0186229156166667
11	840001	850000	0.00890263648
11	850001	860000	0.0103438326190476
11	860001	870000	0.0105325512727273
11	870001	880000	0.0295089260777778
11	900001	910000	0.019445688
11	930001	940000	0.015483118
11	990001	1e+06	0.0143447033722222
11	1030001	1040000	0.0113535504444444
11	1040001	1050000	0.0165452731533333
11	1050001	1060000	0.00987232093666667
11	1060001	1070000	0.0112755224333333
11	1070001	1080000	0.0234904666666667
11	1100001	1110000	0.00999395385714286
11	1130001	1140000	0.0122193161
11	1140001	1150000	0.0165925599228
11	1150001	1160000	0.005686857375
11	1160001	1170000	0.0152311201111111
11	1170001	1180000	0.01509924
11	1180001	1190000	0.0170984775
11	1200001	1210000	0.01015057245
11	1210001	1220000	0.0141536092294118
11	1220001	1230000	0.0117397293875
11	1230001	1240000	0.009313834125
11	1240001	1250000	0.02199933430025
11	1250001	1260000	0.0118314886065714
11	1260001	1270000	0.009204797406
11	1270001	1280000	0.008711706
11	1290001	1300000	0.0112571895333333
11	1300001	1310000	0.015262022
11	1320001	1330000	0.021124843975
11	1330001	1340000	0.022251932
11	1350001	1360000	0.008371209
11	1360001	1370000	0.022064173
11	1410001	1420000	0.0159191560076923
11	1420001	1430000	0.0231610274213235
11	1430001	1440000	0.01131179025
11	1440001	1450000	0.0185546035871429
11	1450001	1460000	0.01268225
11	1460001	1470000	0.0115645938
11	1510001	1520000	0.0156933017407407
11	1520001	1530000	0.0136627744247222
11	1530001	1540000	0.00706957936363636
11	1560001	1570000	0.0391152592173913
11	1570001	1580000	0.0103731253451111
11	1580001	1590000	0.00918452405882353
11	1600001	1610000	0.01887452
11	1620001	1630000	0.0109798545
11	1640001	1650000	0.0322414955465116
11	1650001	1660000	0.0190738264487302
11	1670001	1680000	0.0113703738986667
11	1680001	1690000	0.0120018830245902
11	1690001	1700000	0.0117370899952366
11	1700001	1710000	0.0143708814958378
11	1710001	1720000	0.0162536101722667
11	1720001	1730000	0.0163682502839008
11	1730001	1740000	0.0132788913841935
11	1740001	1750000	0.011751402879283
11	1750001	1760000	0.0122329654239806
11	1760001	1770000	0.014545886588
11	1770001	1780000	0.0142481483320755
11	1780001	1790000	0.0136675974426266
11	1790001	1800000	0.01648701969
11	1800001	1810000	0.0170877556149733
11	1820001	1830000	0.016208615234086
11	1830001	1840000	0.0139587729916176
11	1850001	1860000	0.0220427124448276
11	1860001	1870000	0.0131695744721742
11	1870001	1880000	0.0140935384381333
11	1880001	1890000	0.0112438069167949
11	1890001	1900000	0.0169691675105172
11	1900001	1910000	0.0124062837623333
11	1910001	1920000	0.0197685042393665
11	1920001	1930000	0.0145368456153846
11	1930001	1940000	0.0118928074059917
11	1940001	1950000	0.0129165069757143
11	1950001	1960000	0.0146206985145361
11	1960001	1970000	0.0152518660215104
11	1970001	1980000	0.0106263871666667
11	1980001	1990000	0.0143324264158936
11	1990001	2e+06	0.0163360308757576
11	2000001	2010000	0.0160424355736842
11	2010001	2020000	0.0107911842684211
11	2020001	2030000	0.0172306168925946
11	2030001	2040000	0.0128675786143939
11	2040001	2050000	0.023955987
11	2050001	2060000	0.012578007821
11	2060001	2070000	0.0178991147380952
11	2070001	2080000	0.0164010945526316
11	2080001	2090000	0.0143141588541667
11	2090001	2100000	0.0178809895217391
11	2100001	2110000	0.0141393672066667
11	2110001	2120000	0.0136003817433333
11	2140001	2150000	0.0199595728304348
11	2150001	2160000	0.0114907901424833
11	2160001	2170000	0.02393448504
11	2170001	2180000	0.0127679081017391
11	2190001	2200000	0.006263192
11	2200001	2210000	0.0100881890380952
11	2210001	2220000	0.0172774832941176
11	2230001	2240000	0.0279358434
11	2240001	2250000	0.0248609057272727
11	2250001	2260000	0.02356894
11	2270001	2280000	0.02326539462
11	2280001	2290000	0.0180269428888889
11	2290001	2300000	0.0268150275
11	2300001	2310000	0.00467082114285714
11	2310001	2320000	0.0151983161851852
11	2340001	2350000	0.0152546634603774
11	2350001	2360000	0.0143914668484848
11	2370001	2380000	0.0142253981741414
11	2380001	2390000	0.0132825524057447
11	2390001	2400000	0.0145354477296944
11	2400001	2410000	0.0118987412780556
11	2410001	2420000	0.0148848436708333
11	2420001	2430000	0.0129326448977528
11	2430001	2440000	0.0147987271087719
11	2440001	2450000	0.0129306796959459
11	2450001	2460000	0.0158509757151282
11	2460001	2470000	0.0184822434386207
11	2470001	2480000	0.0143553425627671
11	2490001	2500000	0.013951875575
11	2500001	2510000	0.0145889382433113
11	2520001	2530000	0.0208071570521088
11	2530001	2540000	0.0102037632548649
11	2540001	2550000	0.0122130718604167
11	2550001	2560000	0.0150798467693548
11	2560001	2570000	0.0234804670911765
11	2570001	2580000	0.0243176857094805
11	2600001	2610000	0.0133550402777778
11	2610001	2620000	0.0169326758777778
11	2620001	2630000	0.0108540970833333
11	2630001	2640000	0.0141499561771429
11	2640001	2650000	0.0105303148892889
11	2650001	2660000	0.0124556430214286
11	2660001	2670000	0.0114953542028571
11	2680001	2690000	0.00935632934102564
11	2690001	2700000	0.0136156905417143
11	2700001	2710000	0.0128263704375
11	2710001	2720000	0.0151244701448696
11	2720001	2730000	0.0171123020735294
11	2730001	2740000	0.016350509065625
11	2740001	2750000	0.0200653466838276
11	2750001	2760000	0.0180426838272414
11	2760001	2770000	0.0148926333805714
11	2770001	2780000	0.0187124846182895
11	2780001	2790000	0.0127471076857143
11	2790001	2800000	0.0195438524428571
11	2800001	2810000	0.0141992188882353
11	2810001	2820000	0.00759851132903226
11	2820001	2830000	0.00786863878571429
11	2830001	2840000	0.0191915425766667
11	2840001	2850000	0.01068345335
11	2850001	2860000	0.010306621
11	2860001	2870000	0.0185636540235294
11	2910001	2920000	0.0246937325157895
11	2920001	2930000	0.0179450420875238
11	2930001	2940000	0.0132376358493548
11	2940001	2950000	0.014796572316129
11	2950001	2960000	0.0138614708808824
11	2960001	2970000	0.0159875558837838
11	2970001	2980000	0.0151839115969697
11	2980001	2990000	0.0326812069888889
11	2990001	3e+06	0.0161295737035714
11	3000001	3010000	0.0106803142857143
11	3010001	3020000	0.0159518544875
11	3020001	3030000	0.0160197227022727
11	3030001	3040000	0.0134925625139535
11	3040001	3050000	0.0175490662521739
11	3050001	3060000	0.0140909550088
11	3060001	3070000	0.0179784629061224
11	3070001	3080000	0.0104438454817021
11	3080001	3090000	0.0140420168663922
11	3090001	3100000	0.0136225705608696
11	3100001	3110000	0.0174578708510891
11	3110001	3120000	0.0163519393980857
11	3120001	3130000	0.00937434652623333
11	3130001	3140000	0.0142523552441176
11	3140001	3150000	0.02090784025
11	3150001	3160000	0.0313559695
11	3160001	3170000	0.03570177425
11	3170001	3180000	0.00717170747
11	3190001	3200000	0.0111317754210526
11	3210001	3220000	0.0106267998875
11	3220001	3230000	0.017042502777551
11	3230001	3240000	0.0168716845871212
11	3240001	3250000	0.0121020758090217
11	3250001	3260000	0.0152233361873418
11	3260001	3270000	0.0135741277937283
11	3270001	3280000	0.0120066222141667
11	3280001	3290000	0.0198516176358235
11	3300001	3310000	0.0165855644396849
11	3310001	3320000	0.0137777360245098
11	3320001	3330000	0.0125695260655172
11	3330001	3340000	0.0115952614604074
11	3350001	3360000	0.0136995303754918
11	3360001	3370000	0.0166853178021284
11	3370001	3380000	0.0123773475711321
11	3380001	3390000	0.0119540380323762
11	3390001	3400000	0.01640506586
11	3400001	3410000	0.014814367758
11	3410001	3420000	0.00831642568552381
11	3420001	3430000	0.0151641547925974
11	3430001	3440000	0.0205602593170732
11	3440001	3450000	0.0129429445346667
11	3450001	3460000	0.0116569681519868
11	3460001	3470000	0.0172944534082258
11	3470001	3480000	0.0120893954444444
11	3480001	3490000	0.0126787826238095
11	3490001	3500000	0.0143802087304348
11	3500001	3510000	0.0165557686210526
11	3510001	3520000	0.0165859937578409
11	3520001	3530000	0.0128805281095
11	3530001	3540000	0.0164592003910526
11	3540001	3550000	0.0151291068187912
11	3550001	3560000	0.0108546116372881
11	3560001	3570000	0.0132990821261364
11	3570001	3580000	0.0141820186822063
11	3580001	3590000	0.0130158187777778
11	3600001	3610000	0.00907205865384615
11	3610001	3620000	0.0119448444482143
11	3620001	3630000	0.0219187524652583
11	3630001	3640000	0.0151321486091449
11	3640001	3650000	0.0134700175802714
11	3650001	3660000	0.0105909358215152
11	3660001	3670000	0.0128373389811613
11	3670001	3680000	0.0147133931717949
11	3690001	3700000	0.0106707345078571
11	3700001	3710000	0.0126114884369565
11	3710001	3720000	0.0123637745037468
11	3730001	3740000	0.0212120358377778
11	3750001	3760000	0.0151715200147541
11	3760001	3770000	0.0151443435384615
11	3770001	3780000	0.0177702901597222
11	3780001	3790000	0.0148783900114773
11	3790001	3800000	0.0249231332083333
11	3800001	3810000	0.0123858336702326
11	3810001	3820000	0.00934315339074074
11	3820001	3830000	0.012734864063619
11	3830001	3840000	0.0156471981437162
11	3840001	3850000	0.0158368403434884
11	3850001	3860000	0.0145856695037037
11	3860001	3870000	0.0243799941282051
11	3880001	3890000	0.0117876961157895
11	3890001	3900000	0.0110744344
11	3900001	3910000	0.0117018952371429
11	3910001	3920000	0.0175890929882353
11	3920001	3930000	0.0106284324973077
11	3960001	3970000	0.0101428180479487
11	3970001	3980000	0.011760203809661
11	3980001	3990000	0.0105233656672727
11	3990001	4e+06	0.0115352540457143
11	4000001	4010000	0.0129797398022727
11	4010001	4020000	0.0127782621006186
11	4020001	4030000	0.0213946970999032
11	4030001	4040000	0.0137859690362162
11	4040001	4050000	0.016627983607
11	4050001	4060000	0.0148006927234043
11	4060001	4070000	0.0127459701315789
11	4070001	4080000	0.0166970294184127
11	4080001	4090000	0.01865287265
11	4100001	4110000	0.0165651400179773
11	4110001	4120000	0.016080330074359
11	4120001	4130000	0.0149444320054945
11	4130001	4140000	0.0178195725764706
11	4150001	4160000	0.0124696321166667
11	4160001	4170000	0.0164672695755556
11	4170001	4180000	0.0205992651157143
11	4180001	4190000	0.0139902989851852
11	4190001	4200000	0.0187898727652174
11	4200001	4210000	0.0154436099272857
11	4210001	4220000	0.0154278532875
11	4220001	4230000	0.0261387688064516
11	4230001	4240000	0.0125412403076923
11	4240001	4250000	0.0150987160888889
11	4260001	4270000	0.0151216603590141
11	4270001	4280000	0.0137350634217391
11	4280001	4290000	0.0180208757571429
11	4290001	4300000	0.0173297616769231
11	4300001	4310000	0.0243961310183333
11	4320001	4330000	0.0198706268
11	4330001	4340000	0.00836808598793103
11	4350001	4360000	0.0138175560630435
11	4360001	4370000	0.0141904556814634
11	4370001	4380000	0.021763580268
11	4380001	4390000	0.024543354348
11	4390001	4400000	0.0106707702935484
11	4400001	4410000	0.0221356600360606
11	4410001	4420000	0.0114924419196875
11	4420001	4430000	0.0189053305344583
11	4430001	4440000	0.017978418579625
11	4440001	4450000	0.0196700599347917
11	4450001	4460000	0.0109339192263636
11	4460001	4470000	0.030503508125
11	4470001	4480000	0.0117862529107576
11	4480001	4490000	0.0127744798484848
11	4500001	4510000	0.017492516125122
11	4510001	4520000	0.0128605304668182
11	4520001	4530000	0.0170134347703789
11	4530001	4540000	0.0143971384034848
11	4540001	4550000	0.0183662168567907
11	4550001	4560000	0.0132548619567568
11	4560001	4570000	0.017187712347931
11	4570001	4580000	0.0127063333815909
11	4580001	4590000	0.0157523287087719
11	4590001	4600000	0.0088476553837037
11	4600001	4610000	0.00691311160625
11	4620001	4630000	0.006285343
11	4630001	4640000	0.0161868068571429
11	4640001	4650000	0.0181528218633333
11	4650001	4660000	0.0106600113668519
11	4670001	4680000	0.0133396282878049
11	4680001	4690000	0.0108533099828205
11	4690001	4700000	0.0141752995467273
11	4700001	4710000	0.0132412375208654
11	4710001	4720000	0.0120969923529412
11	4720001	4730000	0.0164683356129032
11	4730001	4740000	0.0167888963010112
11	4740001	4750000	0.0127957282481481
11	4750001	4760000	0.00864563
11	4760001	4770000	0.0125845007
11	4770001	4780000	0.0107930806047059
11	4780001	4790000	0.0106977885714286
11	4790001	4800000	0.00920084785714286
11	4800001	4810000	0.01595228625
11	4810001	4820000	0.00880549017142857
11	4820001	4830000	0.009385699625
11	4830001	4840000	0.0596219297142857
11	4850001	4860000	0.0125766173571429
11	4860001	4870000	0.0172206297142857
11	4870001	4880000	0.00740965326230769
11	4880001	4890000	0.0147962762724571
11	4890001	4900000	0.0200053821833333
11	4900001	4910000	0.0299897867880488
11	4910001	4920000	0.0289693768666667
11	4920001	4930000	0.0157663001974359
11	4930001	4940000	0.0307010694545455
11	4940001	4950000	0.0275297215916667
11	4950001	4960000	0.0292386365676471
11	4960001	4970000	0.0240056433333333
11	4970001	4980000	0.0166013026666667
11	4980001	4990000	0.00854573705
11	5000001	5010000	0.009942367625
11	5010001	5020000	0.0179424458285714
11	5030001	5040000	0.0462082044444444
11	5040001	5050000	0.0209020967766667
11	5070001	5080000	0.0174385574705882
11	5080001	5090000	0.01349483439
11	5090001	5100000	0.00914468668272727
11	5100001	5110000	0.00669600040909091
11	5110001	5120000	0.010701928138
11	5120001	5130000	0.013832528
11	5130001	5140000	0.0141473180444444
11	5150001	5160000	0.0171947126193548
11	5160001	5170000	0.00975680631125
11	5180001	5190000	0.0128753916301429
11	5200001	5210000	0.00973455523333333
11	5210001	5220000	0.0114545425
11	5220001	5230000	0.0169976869230769
11	5240001	5250000	0.00949963732175
11	5260001	5270000	0.0134799279
11	5270001	5280000	0.0177288515266667
11	5280001	5290000	0.0169168558571429
11	5290001	5300000	0.0142987736953488
11	5300001	5310000	0.0137671656347329
11	5320001	5330000	0.0162297640625
11	5330001	5340000	0.0142694576086207
11	5340001	5350000	0.0236144038342105
11	5350001	5360000	0.0147510572356923
11	5360001	5370000	0.0117228473137931
11	5370001	5380000	0.0151251593945
11	5380001	5390000	0.0138508943955556
11	5390001	5400000	0.0128828795769231
11	5400001	5410000	0.0121313256345833
11	5410001	5420000	0.01643116378
11	5420001	5430000	0.00503964436
11	5430001	5440000	0.014682862697875
11	5440001	5450000	0.0194518967142857
11	5460001	5470000	0.0145658118571429
11	5480001	5490000	0.0102621968571429
11	5490001	5500000	0.0411666781818182
11	5510001	5520000	0.0357909609375
11	5540001	5550000	0.00454425028333333
11	5550001	5560000	0.0191945298066667
11	5560001	5570000	0.0150084234643478
11	5570001	5580000	0.0113573003272759
11	5580001	5590000	0.00846095626666667
11	5590001	5600000	0.00869299155086667
11	5600001	5610000	0.0117181746344828
11	5610001	5620000	0.0119592258592593
11	5620001	5630000	0.0162838609044776
11	5630001	5640000	0.0130338889166667
11	5640001	5650000	0.0181743040925926
11	5650001	5660000	0.0095046399
11	5670001	5680000	0.0213864669
11	5680001	5690000	0.021230981975
11	5690001	5700000	0.0152367008458667
11	5700001	5710000	0.0183050708264828
11	5710001	5720000	0.0160173704
11	5730001	5740000	0.0197865206666667
11	5740001	5750000	0.011830202
11	5770001	5780000	0.01909503
11	5780001	5790000	0.0139020511062727
11	5790001	5800000	0.0234991175
11	5800001	5810000	0.03236571475
11	5810001	5820000	0.0075485475
11	5850001	5860000	0.0123521851111111
11	5860001	5870000	0.025839839031
11	5870001	5880000	0.009459134
11	5890001	5900000	0.0009498238636
11	5910001	5920000	0.0221243707272727
11	5940001	5950000	0.0140183795454545
11	5950001	5960000	0.0225993689643235
11	5960001	5970000	0.0137950761271429
11	5970001	5980000	0.02324034895675
11	5990001	6e+06	0.0025324919
11	6010001	6020000	0.0115345366483871
11	6020001	6030000	0.0115198134068966
11	6030001	6040000	0.0119695658470588
11	6050001	6060000	0.0170435018429167
11	6060001	6070000	0.0161177397714286
11	6070001	6080000	0.0118356507846667
11	6080001	6090000	0.0190014686854545
11	6090001	6100000	0.0248128597080645
11	6100001	6110000	0.0128841455962963
11	6120001	6130000	0.0103330561428571
11	6130001	6140000	0.0200852637241379
11	6140001	6150000	0.0149330026761404
11	6150001	6160000	0.0125835685107692
11	6160001	6170000	0.01378014238275
11	6170001	6180000	0.00706017790625
11	6180001	6190000	0.0211553678677222
11	6200001	6210000	0.0347994406666667
11	6210001	6220000	0.0155156708126531
11	6220001	6230000	0.0155681927349231
11	6230001	6240000	0.017226359
11	6240001	6250000	0.0158279773461538
11	6250001	6260000	0.00582081955
11	6270001	6280000	0.00649194916
11	6280001	6290000	0.0101154410882353
11	6290001	6300000	0.0163492265
11	6320001	6330000	0.0127391796428571
11	6340001	6350000	0.0148986696491228
11	6350001	6360000	0.0162811261472317
11	6360001	6370000	0.0158653097615385
11	6380001	6390000	0.0136018679428571
11	6390001	6400000	0.0176972444444444
11	6400001	6410000	0.0240008911290323
11	6410001	6420000	0.0361857618888889
11	6420001	6430000	0.00680304
11	6470001	6480000	0.0104919499433333
11	6490001	6500000	0.0107501898355172
11	6520001	6530000	0.0137641187181982
11	6530001	6540000	0.0141116836787234
11	6540001	6550000	0.0142170275
11	6550001	6560000	0.0232579650372093
11	6560001	6570000	0.0171414076571429
11	6570001	6580000	0.0132776371444444
11	6580001	6590000	0.00737636985714286
11	6590001	6600000	0.0212857743241379
11	6600001	6610000	0.00826067471470588
11	6610001	6620000	0.00922095544285714
11	6620001	6630000	0.0162386474235897
11	6630001	6640000	0.0144237564985859
11	6640001	6650000	0.0156480213846154
11	6650001	6660000	0.01681339655
11	6660001	6670000	0.013685814109
11	6670001	6680000	0.0142116700842105
11	6680001	6690000	0.0177651245333333
11	6690001	6700000	0.0153190940714286
11	6710001	6720000	0.0144753383618919
11	6720001	6730000	0.0116682958790909
11	6730001	6740000	0.024854438916913
11	6740001	6750000	0.0187308044347826
11	6750001	6760000	0.0167675706
11	6760001	6770000	0.0351521375238095
11	6780001	6790000	0.0159856329444444
11	6790001	6800000	0.0129242103151515
11	6800001	6810000	0.02553848816875
11	6810001	6820000	0.0125633132563265
11	6820001	6830000	0.0125510464375
11	6830001	6840000	0.0145729136966102
11	6840001	6850000	0.0156915698113043
11	6850001	6860000	0.0130023379667742
11	6870001	6880000	0.011982312590625
11	6880001	6890000	0.0131584729844444
11	6890001	6900000	0.023627997748
11	6900001	6910000	0.012967169902931
11	6910001	6920000	0.0154176743768148
11	6920001	6930000	0.010686867
11	6930001	6940000	0.01333272675
11	6950001	6960000	0.016350259357
11	6960001	6970000	0.0152791006
11	6970001	6980000	0.00954720941
11	6980001	6990000	0.008122111725
11	6990001	7e+06	0.012963396375
11	7020001	7030000	0.009541289625
11	7030001	7040000	0.0140962583685714
11	7040001	7050000	0.0189021516515152
11	7060001	7070000	0.00868355071666667
11	7090001	7100000	0.00460719083333333
11	7110001	7120000	0.0201896868018868
11	7130001	7140000	0.04435773952
11	7140001	7150000	0.0130260945857143
11	7150001	7160000	0.0178176929662162
11	7160001	7170000	0.0100552622181818
11	7170001	7180000	0.014853532148
11	7180001	7190000	0.00922560057142857
11	7190001	7200000	0.0285538509588235
11	7200001	7210000	0.0535688382211538
11	7210001	7220000	0.0505259616666667
11	7220001	7230000	0.0216853533333333
11	7230001	7240000	0.0407344
11	7290001	7300000	0.01893656204
11	7310001	7320000	0.009115255
11	7320001	7330000	0.00721781183333333
11	7350001	7360000	0.0148275364409091
11	7360001	7370000	0.0288126565090909
11	7370001	7380000	0.0103537899083333
11	7380001	7390000	0.0126422513333333
11	7390001	7400000	0.00657279882790909
11	7400001	7410000	0.016985375952381
11	7410001	7420000	0.02239629572
11	7420001	7430000	0.0187750885916667
11	7430001	7440000	0.0205767990818182
11	7440001	7450000	0.0122302420578947
11	7460001	7470000	0.0135666344
11	7480001	7490000	0.00425887528571429
11	7490001	7500000	0.02198667085
11	7500001	7510000	0.0100032337005417
11	7520001	7530000	0.0106261709473684
11	7540001	7550000	0.00777181866666667
11	7550001	7560000	0.00892529123846154
11	7580001	7590000	0.017334202431875
11	7610001	7620000	0.00919047724285714
11	7630001	7640000	0.009701885
11	7650001	7660000	0.0122697679694118
11	7660001	7670000	0.0104874502276154
11	7670001	7680000	0.0160263593333333
11	7690001	7700000	0.00774542066666667
11	7700001	7710000	0.00809113801578947
11	7710001	7720000	0.008188251
11	7730001	7740000	0.0155024328387097
11	7740001	7750000	0.0109175820826667
11	7750001	7760000	0.0192894807058824
11	7760001	7770000	0.0125278383809524
11	7770001	7780000	0.00925052187272727
11	7780001	7790000	0.0164903769218824
11	7790001	7800000	0.0133506307554737
11	7800001	7810000	0.0115800538803448
11	7810001	7820000	0.0163441947869048
11	7820001	7830000	0.0147883075625
11	7830001	7840000	0.01577339012125
11	7840001	7850000	0.0129696823076923
11	7850001	7860000	0.0191523875384615
11	7860001	7870000	0.0132777049043478
11	7870001	7880000	0.049021571842807
11	7880001	7890000	0.0217034033011111
11	7890001	7900000	0.0491276849703704
11	7920001	7930000	0.0250699708142857
11	7940001	7950000	0.0241812272766667
11	7950001	7960000	0.0137796050519375
11	8000001	8010000	0.0116836101445238
11	8010001	8020000	0.0210133621324595
11	8020001	8030000	0.0132118886931034
11	8030001	8040000	0.0133741436842105
11	8050001	8060000	0.0106612049128571
11	8060001	8070000	0.006264752775
11	8080001	8090000	0.0142494146981132
11	8090001	8100000	0.0199108563176
11	8100001	8110000	0.0098662735875
11	8110001	8120000	0.00987083691090909
11	8130001	8140000	0.0161845323985
11	8140001	8150000	0.0176521726315789
11	8150001	8160000	0.0123275716072727
11	8160001	8170000	0.01140480162
11	8180001	8190000	0.0141189327052632
11	8190001	8200000	0.0168386808105263
11	8200001	8210000	0.016094358966129
11	8210001	8220000	0.00645063816
11	8220001	8230000	0.00981298406135593
11	8230001	8240000	0.0118136256328571
11	8240001	8250000	0.011076282509589
11	8250001	8260000	0.015782087675
11	8260001	8270000	0.0152497567945946
11	8270001	8280000	0.0195568291160455
11	8290001	8300000	0.0132533933142857
11	8300001	8310000	0.0172728713054167
11	8310001	8320000	0.0161040562518519
11	8320001	8330000	0.0186383069761905
11	8330001	8340000	0.00836515450666667
11	8350001	8360000	0.0232591061818182
11	8370001	8380000	0.00791060406451613
11	8390001	8400000	0.012355838152807
11	8410001	8420000	0.0252839905197059
11	8420001	8430000	0.0162514577665714
11	8430001	8440000	0.0111951058181818
11	8440001	8450000	0.0188149107911765
11	8460001	8470000	0.00780149372727273
11	8470001	8480000	0.0095379786047619
11	8480001	8490000	0.0131253139125
11	8490001	8500000	0.0287387051667925
11	8500001	8510000	0.0164153924209302
11	8510001	8520000	0.0219503253363636
11	8520001	8530000	0.0168896432266364
11	8530001	8540000	0.0192727036190476
11	8540001	8550000	0.0133524754533898
11	8550001	8560000	0.00997694073472222
11	8560001	8570000	0.012866613954878
11	8570001	8580000	0.0175032029971429
11	8580001	8590000	0.0172316623571429
11	8590001	8600000	0.0140094642111111
11	8610001	8620000	0.0164460216005882
11	8620001	8630000	0.0111912943348889
11	8630001	8640000	0.0150933968209677
11	8640001	8650000	0.0200015359650519
11	8650001	8660000	0.0158779369105102
11	8660001	8670000	0.01934539498
11	8670001	8680000	0.0114547828511628
11	8680001	8690000	0.017329811392381
11	8700001	8710000	0.0197394603157895
11	8710001	8720000	0.0103910154650685
11	8720001	8730000	0.0138027674860274
11	8730001	8740000	0.0168095510450649
11	8740001	8750000	0.0170087517333333
11	8750001	8760000	0.0130117841111111
11	8770001	8780000	0.0184853295902941
11	8780001	8790000	0.0152397867982456
11	8790001	8800000	0.018835661752
11	8800001	8810000	0.0137978628916667
11	8810001	8820000	0.015713765147619
11	8820001	8830000	0.0240771533259259
11	8830001	8840000	0.0149163694166667
11	8840001	8850000	0.01376715225
11	8850001	8860000	0.0252610066625806
11	8860001	8870000	0.0305539108
11	8870001	8880000	0.0154732814103448
11	8880001	8890000	0.0194407116316
11	8890001	8900000	0.02873385328
11	8910001	8920000	0.0147978603921176
11	8920001	8930000	0.00757626743333333
11	8930001	8940000	0.0146164632882353
11	8960001	8970000	0.0237736882411765
11	8970001	8980000	0.0128456732142857
11	8980001	8990000	0.02595877
11	8990001	9e+06	0.0189010423043478
11	9010001	9020000	0.0102355474545455
11	9020001	9030000	0.01938677821
11	9030001	9040000	0.0109342670416667
11	9040001	9050000	0.0138952494285714
11	9050001	9060000	0.0159875497777778
11	9060001	9070000	0.0219751570869565
11	9080001	9090000	0.01707067
11	9110001	9120000	0.0304877552462963
11	9120001	9130000	0.0167326302314286
11	9130001	9140000	0.0134752230803922
11	9140001	9150000	0.01895534746875
11	9150001	9160000	0.0223412296472549
11	9160001	9170000	0.0172021327068182
11	9170001	9180000	0.0155606373535714
11	9180001	9190000	0.0170971597382051
11	9190001	9200000	0.0139851654844474
11	9210001	9220000	0.0135178183076923
11	9220001	9230000	0.0122541941365714
11	9230001	9240000	0.0116944070958333
11	9240001	9250000	0.0279163206666667
11	9250001	9260000	0.0146234807384
11	9260001	9270000	0.00965360111532
11	9270001	9280000	0.0211890547533333
11	9280001	9290000	0.012263955369697
11	9290001	9300000	0.0154286478534694
11	9300001	9310000	0.00701604079941176
11	9310001	9320000	0.0176930996451613
11	9320001	9330000	0.0117719606254545
11	9330001	9340000	0.0187769642256364
11	9340001	9350000	0.0162284667803333
11	9350001	9360000	0.0149760045996491
11	9360001	9370000	0.00911517246153846
11	9370001	9380000	0.020668524932
11	9380001	9390000	0.0245984157757576
11	9390001	9400000	0.0103226581909091
11	9410001	9420000	0.020144021123913
11	9420001	9430000	0.0192381686363636
11	9430001	9440000	0.00618065992307692
11	9440001	9450000	0.0156138359375
11	9450001	9460000	0.0181991717243902
11	9460001	9470000	0.01079250138095
11	9470001	9480000	0.0143015217343939
11	9480001	9490000	0.0141480875171429
11	9490001	9500000	0.0150672749487805
11	9500001	9510000	0.0121875588780426
11	9510001	9520000	0.0133406853212069
11	9520001	9530000	0.0146554321717391
11	9530001	9540000	0.0196423785102
11	9540001	9550000	0.018087985
11	9560001	9570000	0.0087211317756
11	9570001	9580000	0.01670669125
11	9590001	9600000	0.0325571770931034
11	9600001	9610000	0.0157184645
11	9610001	9620000	0.017687425976087
11	9630001	9640000	0.00789028053529412
11	9650001	9660000	0.0187289418647059
11	9660001	9670000	0.02634510625
11	9670001	9680000	0.0259373909109524
11	9680001	9690000	0.0239969543363636
11	9700001	9710000	0.0141722051
11	9720001	9730000	0.0110199215
11	9730001	9740000	0.0112732765
11	9750001	9760000	0.02845391
11	9760001	9770000	0.0226593732066667
11	9770001	9780000	0.0166067946
11	9790001	9800000	0.0078367342
11	9800001	9810000	0.00827463325
11	9810001	9820000	0.00764647266666667
11	9840001	9850000	0.0162869359583333
11	9850001	9860000	0.0237006856416667
11	9860001	9870000	0.0134987992333333
11	9870001	9880000	0.0104283767333333
11	9880001	9890000	0.00960426965
11	9890001	9900000	0.00960640005555556
11	9910001	9920000	0.0137258397777778
11	9950001	9960000	0.0164015360017647
11	9960001	9970000	0.0121425496
11	9970001	9980000	0.0297610745098039
11	9980001	9990000	0.0107999417444444
11	9990001	1e+07	0.015758177
11	10000001	10010000	0.0422881306978049
11	10040001	10050000	0.020909311828125
11	10050001	10060000	0.00882312544444444
11	10070001	10080000	0.016617442147619
11	10090001	10100000	0.015153815495
11	10100001	10110000	0.018651787689
11	10110001	10120000	0.0160684391664444
11	10130001	10140000	0.0101594985782609
11	10140001	10150000	0.01962191925
11	10160001	10170000	0.011453984891
11	10170001	10180000	0.0104754096715385
11	10180001	10190000	0.0149039859611111
11	10190001	10200000	0.0098067466675
11	10210001	10220000	0.0229792715333333
11	10220001	10230000	0.0157589531818182
11	10230001	10240000	0.01892424317
11	10240001	10250000	0.00901315
11	10250001	10260000	0.0118048075
11	10260001	10270000	0.02690507
11	10290001	10300000	0.02337065
11	10300001	10310000	0.0540687598
11	10310001	10320000	0.017258335575
11	10320001	10330000	0.0259463483
11	10350001	10360000	0.00784069225
11	10360001	10370000	0.00806833366671429
11	10380001	10390000	0.0100588797882353
11	10390001	10400000	0.00834737138461538
11	10410001	10420000	0.0431532971428571
11	10420001	10430000	0.0102145533333333
11	10430001	10440000	0.0254570006363636
11	10470001	10480000	0.01994131
11	10480001	10490000	0.0171164804444444
11	10490001	10500000	0.0124112826166667
11	10500001	10510000	0.0115450411428571
11	10510001	10520000	0.0130173553461538
11	10520001	10530000	0.0146501261133333
11	10550001	10560000	0.0138765114563043
11	10560001	10570000	0.0158696967763158
11	10580001	10590000	0.00968966936666667
11	10590001	10600000	0.0140332799090909
11	10600001	10610000	0.0212779814347826
11	10610001	10620000	0.0178458278694444
11	10630001	10640000	0.01891169039375
11	10650001	10660000	0.0167938056875
11	10660001	10670000	0.0060368868125
11	10670001	10680000	0.01401528
11	10680001	10690000	0.0086076685
11	10690001	10700000	0.0222440763636364
11	10700001	10710000	0.0336970765
11	10710001	10720000	0.00556526333333333
11	10720001	10730000	0.008236695
11	10750001	10760000	0.01805225
11	10770001	10780000	0.02273913
11	10800001	10810000	0.0139098357
11	10840001	10850000	0.0242187880526316
11	10850001	10860000	0.009600332
11	10860001	10870000	0.0130106738614286
11	10870001	10880000	0.0160125473724138
11	10880001	10890000	0.0138425437692308
11	10890001	10900000	0.00862510305
11	10900001	10910000	0.0278529771538462
11	10910001	10920000	0.0135045578857143
11	10920001	10930000	0.0116306845628039
11	10930001	10940000	0.0149513547090909
11	10950001	10960000	0.0104720898909091
11	10980001	10990000	0.00795556111111111
11	11000001	11010000	0.020420334
11	11010001	11020000	0.01140505536
11	11020001	11030000	0.0100424341818182
11	11030001	11040000	0.0154685810561765
11	11040001	11050000	0.00590609492857143
11	11050001	11060000	0.01735667585
11	11060001	11070000	0.0089172
11	11080001	11090000	0.0118490771043478
11	11090001	11100000	0.0112994523333333
11	11110001	11120000	0.0135890433333333
11	11130001	11140000	0.0194024378615385
11	11140001	11150000	0.0172169090909091
11	11150001	11160000	0.034653914
11	11170001	11180000	0.0178424575
11	11190001	11200000	0.024289759
11	11200001	11210000	0.00381529537777778
11	11210001	11220000	0.0168761129625
11	11220001	11230000	0.0118690013457895
11	11230001	11240000	0.02133766419
11	11250001	11260000	0.0087243175952381
11	11260001	11270000	0.0076362188
11	11270001	11280000	0.0207199902055556
11	11280001	11290000	0.00852711215072727
11	11290001	11300000	0.01519510436
11	11300001	11310000	0.0274578496818182
11	11310001	11320000	0.00884693460416667
11	11330001	11340000	0.0135834434615385
11	11340001	11350000	0.0207675030872
11	11350001	11360000	0.012417366767
11	11360001	11370000	0.0377607587788889
11	11370001	11380000	0.00730025170666667
11	11380001	11390000	0.00626794
11	11390001	11400000	0.0079576165
11	11410001	11420000	0.0317887288285714
11	11420001	11430000	0.0145606880607692
11	11430001	11440000	0.0200864178333333
11	11450001	11460000	0.0172352864615385
11	11470001	11480000	0.0127936511555
11	11480001	11490000	0.0027708149
11	11500001	11510000	0.002312634
11	11510001	11520000	0.01183178
11	11520001	11530000	0.0124539
11	11540001	11550000	0.00797249
11	11600001	11610000	0.0061247972
11	11630001	11640000	0.00991364631578947
11	11660001	11670000	0.0148286662633333
11	11670001	11680000	0.011787441
11	11680001	11690000	0.02179189625
11	11690001	11700000	0.0152232393913043
11	11700001	11710000	0.016725019076129
11	11720001	11730000	0.0213948889619048
11	11750001	11760000	0.0243063314142222
11	11760001	11770000	0.0199006435516129
11	11770001	11780000	0.0245862550344444
11	11780001	11790000	0.0133635145705882
11	11800001	11810000	0.017257114775
11	11810001	11820000	0.0141895761411765
11	11820001	11830000	0.0210197138157895
11	11830001	11840000	0.0096250686875
11	11850001	11860000	0.0101424847888889
11	11860001	11870000	0.0171383358
11	11870001	11880000	0.0253970461
11	11880001	11890000	0.0178477086454545
11	11890001	11900000	0.0225226996526316
11	11900001	11910000	0.0103836630571429
11	11910001	11920000	0.0184597609090909
11	11920001	11930000	0.0123116318421053
11	11940001	11950000	0.0169331285384615
11	11950001	11960000	0.01600608455
11	11960001	11970000	0.00841042545318182
11	11970001	11980000	0.0104354088885714
11	11980001	11990000	0.007634753075
11	11990001	1.2e+07	0.0166028456685714
11	12000001	12010000	0.0174419361230769
11	12010001	12020000	0.0220797741923077
11	12020001	12030000	0.0119648002019231
11	12030001	12040000	0.0259245364285714
11	12040001	12050000	0.0257561637
11	12070001	12080000	0.015173741152
11	12080001	12090000	0.0154088169846154
11	12090001	12100000	0.0110460916470588
11	12100001	12110000	0.0144007881264706
11	12110001	12120000	0.01432565065
11	12120001	12130000	0.00932727818
11	12130001	12140000	0.0126449354896552
11	12140001	12150000	0.00877080838154167
11	12150001	12160000	0.0181388702942857
11	12160001	12170000	0.012001660368
11	12170001	12180000	0.0128231394377273
11	12180001	12190000	0.00744515689
11	12200001	12210000	0.0186448441941429
11	12210001	12220000	0.01323904697
11	12220001	12230000	0.0149124624555556
11	12240001	12250000	0.007337457375
11	12260001	12270000	0.02634465
11	12270001	12280000	0.0222376332235294
11	12290001	12300000	0.0161592771428571
11	12310001	12320000	0.0166083126125
11	12330001	12340000	0.0202862798166667
11	12340001	12350000	0.0260425030666667
11	12360001	12370000	0.004320518
11	12380001	12390000	0.009060808175
11	12390001	12400000	0.0194337231538462
11	12420001	12430000	0.00955435898333333
11	12430001	12440000	0.00680137823529412
11	12440001	12450000	0.0210911403454545
11	12450001	12460000	0.0138774437181905
11	12460001	12470000	0.00609652044782609
11	12480001	12490000	0.0136520013980702
11	12490001	12500000	0.00998347956869565
11	12510001	12520000	0.014823117713
11	12530001	12540000	0.0157503444925
11	12540001	12550000	0.0234359758
11	12550001	12560000	0.00975934276125
11	12580001	12590000	0.0260883848233333
11	12590001	12600000	0.0154931605190909
11	12600001	12610000	0.0131615168571429
11	12610001	12620000	0.0353322813148148
11	12620001	12630000	0.017467426946875
11	12630001	12640000	0.00771258174
11	12640001	12650000	0.00890102304074074
11	12650001	12660000	0.0124918122151515
11	12660001	12670000	0.0145371365777778
11	12670001	12680000	0.0230137702916667
11	12680001	12690000	0.0202581548611111
11	12690001	12700000	0.012254456
11	12740001	12750000	0.0203902579
11	12760001	12770000	0.011665156826087
11	12770001	12780000	0.0169108403636364
11	12790001	12800000	0.0125469323108108
11	12800001	12810000	0.0133644816363636
11	12810001	12820000	0.0219323855960526
11	12830001	12840000	0.0129780242
11	12840001	12850000	0.00525296554888889
11	12850001	12860000	0.0101779564035714
11	12860001	12870000	0.0201193828181818
11	12870001	12880000	0.0263315843846154
11	12880001	12890000	0.021420092268
11	12890001	12900000	0.01259415624
11	12910001	12920000	0.0185227680466667
11	12920001	12930000	0.017419497258125
11	12930001	12940000	0.0136365163846154
11	12940001	12950000	0.0190352597394444
11	12950001	12960000	0.0155426631851852
11	12960001	12970000	0.0161307170638182
11	12970001	12980000	0.00970521405
11	12980001	12990000	0.00583613341222222
11	12990001	1.3e+07	0.00568710455555556
11	13000001	13010000	0.0077078684703
11	13010001	13020000	0.0173602214545455
11	13030001	13040000	0.0205393926683462
11	13040001	13050000	0.0207798298333333
11	13050001	13060000	0.0126443089586667
11	13060001	13070000	0.0169565505375
11	13070001	13080000	0.0131720419663158
11	13080001	13090000	0.008711432
11	13090001	13100000	0.008266388
11	13100001	13110000	0.00825551545454545
11	13130001	13140000	0.0281691007124242
11	13140001	13150000	0.0095160728043
11	13150001	13160000	0.00432027166666667
11	13160001	13170000	0.0250816102583333
11	13170001	13180000	0.0224815625
11	13180001	13190000	0.00274509
11	13220001	13230000	0.00521563514285714
11	13240001	13250000	0.00812905272666667
11	13260001	13270000	0.0207160537777778
11	13270001	13280000	0.020711972988
11	13280001	13290000	0.00632861123846154
11	13290001	13300000	0.010735726775
11	13300001	13310000	0.0109064807857143
11	13320001	13330000	0.0193998673772
11	13330001	13340000	0.021863546009434
11	13340001	13350000	0.018078390608
11	13350001	13360000	0.00906674795685714
11	13360001	13370000	0.0277914049
11	13370001	13380000	0.0102111063
11	13400001	13410000	0.0187069325578947
11	13410001	13420000	0.0203373896818182
11	13420001	13430000	0.0128883624071429
11	13430001	13440000	0.0195940141443243
11	13440001	13450000	0.00818949475509091
11	13450001	13460000	0.00675791183636364
11	13460001	13470000	0.0162203563076923
11	13470001	13480000	0.0141552691424242
11	13480001	13490000	0.0202714340043478
11	13490001	13500000	0.0165849160740741
11	13500001	13510000	0.004462534
11	13510001	13520000	0.0141867611111111
11	13520001	13530000	0.009428892205
11	13530001	13540000	0.00897939409090909
11	13550001	13560000	0.0131574997479167
11	13570001	13580000	0.0133556328412188
11	13580001	13590000	0.0100937617226667
11	13590001	13600000	0.020773914469661
11	13600001	13610000	0.0166591223076923
11	13610001	13620000	0.0126806655655556
11	13620001	13630000	0.0169830908888889
11	13630001	13640000	0.0147497912
11	13640001	13650000	0.0157393877777778
11	13660001	13670000	0.0152512313333333
11	13670001	13680000	0.0107108890173913
11	13690001	13700000	0.0141491330425
11	13700001	13710000	0.0134308096111111
11	13710001	13720000	0.0249035475789474
11	13720001	13730000	0.0257588721666667
11	13730001	13740000	0.0183512794011182
11	13750001	13760000	0.0145437292835116
11	13760001	13770000	0.0109099061764359
11	13770001	13780000	0.0154160982071287
11	13780001	13790000	0.0183189467857143
11	13790001	13800000	0.0184556201754267
11	13800001	13810000	0.0201407063416667
11	13810001	13820000	0.00852293677545455
11	13830001	13840000	0.0135487132172414
11	13840001	13850000	0.0115362644534286
11	13860001	13870000	0.0174451510533333
11	13870001	13880000	0.0150589722045455
11	13880001	13890000	0.0238004742424074
11	13890001	13900000	0.0144845011818182
11	13900001	13910000	0.0162365129857447
11	13910001	13920000	0.0126702437241379
11	13920001	13930000	0.00683940005625
11	13940001	13950000	0.0124836367728065
11	13960001	13970000	0.0281617713
11	13970001	13980000	0.0194404936925926
11	13980001	13990000	0.00301740455857143
11	14000001	14010000	0.01335297786764
11	14010001	14020000	0.0124170435586111
11	14020001	14030000	0.0134900721333333
11	14030001	14040000	0.0215155373588235
11	14050001	14060000	0.0148200763195349
11	14060001	14070000	0.0259108895550541
11	14070001	14080000	0.01375766236
11	14080001	14090000	0.014693621725
11	14090001	14100000	0.0182349325
11	14100001	14110000	0.01265613376
11	14110001	14120000	0.0231400821904762
11	14120001	14130000	0.011279825125
11	14140001	14150000	0.0329689076617647
11	14150001	14160000	0.0234824877727273
11	14180001	14190000	0.00458620092727273
11	14200001	14210000	0.0113453565193333
11	14210001	14220000	0.02325774911
11	14220001	14230000	0.0121041908266667
11	14240001	14250000	0.01800390156
11	14250001	14260000	0.00994566826086957
11	14260001	14270000	0.0190372891818182
11	14280001	14290000	0.0147842697455556
11	14290001	14300000	0.00931635144652174
11	14300001	14310000	0.00806040488475
11	14310001	14320000	0.0062503768
11	14330001	14340000	0.0272372411081081
11	14340001	14350000	0.026268463
11	14360001	14370000	0.0104421679090909
11	14370001	14380000	0.0149098704
11	14380001	14390000	0.0108248145
11	14390001	14400000	0.0149330950606061
11	14400001	14410000	0.0122290296068421
11	14410001	14420000	0.00836278443227273
11	14430001	14440000	0.01677009725
11	14440001	14450000	0.0182657244305556
11	14460001	14470000	0.0235806001363636
11	14470001	14480000	0.0155779336605263
11	14480001	14490000	0.0133511393571429
11	14500001	14510000	0.011894699104
11	14510001	14520000	0.0159337432
11	14520001	14530000	0.0155241367333333
11	14530001	14540000	0.0130544909594444
11	14540001	14550000	0.0138438668647059
11	14550001	14560000	0.00931594176923077
11	14560001	14570000	0.0096366094
11	14570001	14580000	0.02376274
11	14580001	14590000	0.00740625438
11	14600001	14610000	0.0130572658873333
11	14640001	14650000	0.0145985899290323
11	14650001	14660000	0.0325352750068
11	14660001	14670000	0.0222919873074074
11	14670001	14680000	0.0252807169230769
11	14680001	14690000	0.0678489684333333
11	14700001	14710000	0.009205141525
11	14760001	14770000	0.0217215333333333
11	14770001	14780000	0.0648826242733333
11	14790001	14800000	0.012607252
11	14810001	14820000	0.0114820095714286
11	14820001	14830000	0.00342610093636364
11	14830001	14840000	0.140972245757143
11	14840001	14850000	0.0185775933333333
11	14880001	14890000	0.0104468033
11	14900001	14910000	0.01577877395
11	14930001	14940000	0.0156790888470588
11	14970001	14980000	0.0192738120666667
11	14990001	1.5e+07	0.00789547666666667
11	15000001	15010000	0.00520793976666667
11	15030001	15040000	0.0178845625
11	15040001	15050000	0.00823197671428571
11	15060001	15070000	0.0261741825
11	15090001	15100000	0.0128119307909091
11	15100001	15110000	0.0120942874266667
11	15110001	15120000	0.0174098818
11	15130001	15140000	0.00407048154909091
11	15150001	15160000	0.0149200376717949
11	15160001	15170000	0.017831742375
11	15170001	15180000	0.0229489723306667
11	15180001	15190000	0.00897584236363636
11	15190001	15200000	0.01139366874
11	15200001	15210000	0.008398001365
11	15210001	15220000	0.003093712
11	15220001	15230000	0.011492714
11	15230001	15240000	0.01083628
11	15260001	15270000	0.02081593
11	15270001	15280000	0.0058512685
11	15310001	15320000	0.01063902
11	15320001	15330000	0.002905135
11	15350001	15360000	0.0348042
11	15360001	15370000	0.00577712
11	15390001	15400000	0.000217430333333333
11	15450001	15460000	0.0194491446922222
11	15460001	15470000	0.00869159666666667
11	15480001	15490000	0.0160238325406667
11	15490001	15500000	0.00490350113333333
11	15530001	15540000	0.00510709542222222
11	15540001	15550000	0.0169780982173913
11	15550001	15560000	0.01337047325
11	15560001	15570000	0.00777684
11	15570001	15580000	0.021601352
11	15580001	15590000	0.0229138617571429
11	15610001	15620000	0.0141003288571429
11	15620001	15630000	0.0160340318571429
11	15630001	15640000	0.00738473061666667
11	15660001	15670000	0.0131699099359375
11	15670001	15680000	0.0122939820428571
11	15680001	15690000	0.006992767287
11	15710001	15720000	0.0167630642857143
11	15730001	15740000	0.00997134314
11	15750001	15760000	0.0109049910733333
11	15760001	15770000	0.0299821314
11	15810001	15820000	0.0310713107407407
11	15830001	15840000	0.0126166625652632
11	15840001	15850000	0.0254145625
11	15850001	15860000	0.0122832954142857
11	15860001	15870000	0.0275581332428571
11	15870001	15880000	0.0115764271538462
11	15880001	15890000	0.0203258636375
11	15890001	15900000	0.0153815002173913
11	15900001	15910000	0.0115104928606818
11	15910001	15920000	0.0255220427142673
11	15920001	15930000	0.0136602968487179
11	15930001	15940000	0.01332250522
11	15940001	15950000	0.00990205844162162
11	15950001	15960000	0.0286399394346667
11	15960001	15970000	0.0367396815204
11	15970001	15980000	0.00712864238461538
11	15980001	15990000	0.00557239177777778
11	15990001	1.6e+07	0.0211966626
11	16010001	16020000	0.0146028
11	16210001	16220000	0.0430750284878049
11	16230001	16240000	0.047927969352381
11	16240001	16250000	0.0237476540113524
11	16250001	16260000	0.0415807357895
11	16260001	16270000	0.0678698100666667
11	16270001	16280000	0.0818471133333333
11	16280001	16290000	0.250504666666667
11	16480001	16490000	0.0429622903333333
11	16550001	16560000	0.553845
11	16680001	16690000	0.284613672727273
11	16690001	16700000	0.0384784139166667
11	16700001	16710000	0.0200264209333333
11	16710001	16720000	0.127901843469388
11	16720001	16730000	0.278256396551724
11	16730001	16740000	0.282906910526316
11	16740001	16750000	0.0675350268245614
11	16750001	16760000	0.0393704575670588
11	16760001	16770000	0.0949161188285714
11	16770001	16780000	0.139466489998276
11	16780001	16790000	0.1698423571521
11	16800001	16810000	0.0778059781026846
11	16810001	16820000	0.11287451226
11	16830001	16840000	0.0669070399680412
11	16840001	16850000	0.23543422723937
11	16850001	16860000	0.1603521741
11	16860001	16870000	0.1081435
11	16870001	16880000	0.208421966666667
11	16890001	16900000	0.24760155
11	16910001	16920000	0.18977686
11	16920001	16930000	0.0458267322222222
11	16930001	16940000	0.153541636666667
11	16940001	16950000	0.125965711857143
11	16950001	16960000	0.058912295
11	16960001	16970000	0.145141074166667
11	16970001	16980000	0.349953042857143
11	16980001	16990000	0.4067800812
11	16990001	1.7e+07	0.393759068
11	17000001	17010000	0.224049262727273
11	17010001	17020000	0.287458010344828
11	17020001	17030000	0.158223818941176
11	17030001	17040000	0.335732211111111
11	17040001	17050000	0.210891617777778
11	17050001	17060000	0.0638052160125
11	17060001	17070000	0.111911245454545
11	17080001	17090000	0.259937446153846
11	17090001	17100000	0.21534982748
11	17100001	17110000	0.2093723125
11	17110001	17120000	0.256829411666667
11	17120001	17130000	0.267264630769231
11	17140001	17150000	0.229200309230769
11	17150001	17160000	0.325274170833333
11	17170001	17180000	0.0774641585
11	17190001	17200000	0.534784707692308
11	17200001	17210000	0.0900953666666667
11	17220001	17230000	0.371506271555556
11	17230001	17240000	0.2569915965
11	17240001	17250000	0.109048886666667
11	17250001	17260000	0.572167924489796
11	17260001	17270000	0.540452446666667
11	17270001	17280000	0.192467103548387
11	17280001	17290000	0.339780391428571
11	17290001	17300000	0.473138828205128
11	17300001	17310000	0.181201406435135
11	17310001	17320000	0.27437249806087
11	17320001	17330000	0.391636033333333
11	17330001	17340000	0.411728061538462
11	17340001	17350000	0.0274025324166667
11	17350001	17360000	0.0965246083333333
11	17360001	17370000	0.267410350952381
11	17370001	17380000	0.290422370769231
11	17380001	17390000	0.183877955217391
11	17400001	17410000	0.252977118816667
11	17420001	17430000	0.140172005227907
11	17430001	17440000	0.302390166666667
11	17440001	17450000	0.053015205
11	17460001	17470000	0.0784275595652174
11	17470001	17480000	0.097303414
11	17480001	17490000	0.117666048888889
11	17490001	17500000	0.3259593
11	17500001	17510000	0.122770478235294
11	17510001	17520000	0.2298206625
11	17520001	17530000	0.0488277367777778
11	17530001	17540000	0.04974767
11	17540001	17550000	0.196079896296296
11	17550001	17560000	0.0490269949
11	17570001	17580000	0.167777559478261
11	17580001	17590000	0.146019054615385
11	17590001	17600000	0.214077583913043
11	17600001	17610000	0.0612406027619048
11	17620001	17630000	0.1323821266
11	17630001	17640000	0.30207933247619
11	17640001	17650000	0.331584285714286
11	17650001	17660000	0.146901921669385
11	17670001	17680000	0.241042185714286
11	17680001	17690000	0.0661808071666667
11	17700001	17710000	0.0500755705625
11	17710001	17720000	0.0815136726666667
11	17720001	17730000	0.165120278632025
11	17730001	17740000	0.43082897
11	17740001	17750000	0.0853358305555556
11	17750001	17760000	0.319041052380952
11	17760001	17770000	0.1333112
11	17770001	17780000	0.166383612363636
11	17780001	17790000	0.0196726216666667
11	17790001	17800000	0.0962665318571429
11	17840001	17850000	0.121610824728947
11	17850001	17860000	0.0297024981538462
11	17860001	17870000	0.08650292
11	17870001	17880000	0.0389792208888889
11	17890001	17900000	0.137665674130435
11	17900001	17910000	0.139100241666667
11	17910001	17920000	0.210021654545455
11	17930001	17940000	0.23918352173913
11	17940001	17950000	0.162281724047059
11	17950001	17960000	0.319816798518519
11	17960001	17970000	0.203834145641176
11	17970001	17980000	0.126387352857143
11	17990001	1.8e+07	0.150512086753333
11	18010001	18020000	0.381547
11	18030001	18040000	0.4489396
11	18040001	18050000	0.320647
11	18160001	18170000	0.897475846153846
11	18210001	18220000	0.881657828571429
11	18220001	18230000	0.824452862745098
11	18230001	18240000	0.85065125
11	18240001	18250000	0.753240266666667
11	18250001	18260000	0.767381106666667
11	18260001	18270000	0.755719222222222
11	18270001	18280000	0.745787880952381
11	18280001	18290000	0.70927075
11	18290001	18300000	0.36119325
11	18310001	18320000	0.285507
11	18320001	18330000	0.774766952380952
11	18330001	18340000	0.6572828
11	18350001	18360000	0.772971
11	18360001	18370000	0.4044255
11	18370001	18380000	0.730172133333333
11	18390001	18400000	0.7496771875
11	18400001	18410000	0.712094623913043
11	18410001	18420000	0.569454321621622
11	18420001	18430000	0.422194818421053
11	18430001	18440000	0.598872007692308
11	18450001	18460000	0.593807078571429
11	18460001	18470000	0.363406944444444
11	18470001	18480000	0.415172803030303
11	18480001	18490000	0.499056985714286
11	18490001	18500000	0.463649247826087
11	18500001	18510000	0.384069875
11	18510001	18520000	0.422122444444444
11	18520001	18530000	0.286080146875
11	18580001	18590000	0.26193156016129
11	18590001	18600000	0.21409595862069
11	18610001	18620000	0.180422401395349
11	18630001	18640000	0.271615499210526
11	18640001	18650000	0.149318223986842
11	18650001	18660000	0.186600807340909
11	18660001	18670000	0.152148746666667
11	18680001	18690000	0.230425776583333
11	18690001	18700000	0.355498495121951
11	18700001	18710000	0.144177001923077
11	18710001	18720000	0.392485948
11	18720001	18730000	0.0841350263157895
11	18730001	18740000	0.229469682575926
11	18740001	18750000	0.241176014449351
11	18760001	18770000	0.319406383444444
11	18770001	18780000	0.268254467133333
11	18780001	18790000	0.333226041666667
11	18790001	18800000	0.115703666363636
11	18800001	18810000	0.0369381072727273
11	18810001	18820000	0.0416980218333333
11	18820001	18830000	0.12303470728
11	18830001	18840000	0.161798937223529
11	18850001	18860000	0.108512587643808
11	18860001	18870000	0.0816942222222222
11	18870001	18880000	0.0164990028318182
11	18880001	18890000	0.0874189875
11	18900001	18910000	0.213238530769231
11	18910001	18920000	0.152748747142857
11	18920001	18930000	0.268977004864865
11	18930001	18940000	0.433845045454545
11	18940001	18950000	0.213057570116667
11	18950001	18960000	0.287419573103448
11	18960001	18970000	0.34834815
11	18970001	18980000	0.112075443570909
11	18980001	18990000	0.26231365
11	18990001	1.9e+07	0.1464257
11	19000001	19010000	0.15806471
11	19010001	19020000	0.0896961305222222
11	19020001	19030000	0.0619522472222222
11	19040001	19050000	0.0976653273529412
11	19060001	19070000	0.134931984
11	19070001	19080000	0.0948635756294118
11	19100001	19110000	0.19484272125
11	19110001	19120000	0.149332550277778
11	19120001	19130000	0.330110204761905
11	19130001	19140000	0.0674307015
11	19150001	19160000	0.1810638375
11	19160001	19170000	0.0691319989090909
11	19170001	19180000	0.241371576599516
11	19180001	19190000	0.0527141616546154
11	19190001	19200000	0.172059271987342
11	19200001	19210000	0.411235776923077
11	19210001	19220000	0.45287795
11	19220001	19230000	0.315199075
11	19230001	19240000	0.0953354436802381
11	19250001	19260000	0.23668844084
11	19260001	19270000	0.121644457214634
11	19270001	19280000	0.1747455794375
11	19290001	19300000	0.0494576416426667
11	19300001	19310000	0.148467255
11	19320001	19330000	0.136429876423077
11	19330001	19340000	0.103268825440252
11	19340001	19350000	0.269285010580952
11	19350001	19360000	0.327753128703704
11	19360001	19370000	0.25627066588764
11	19370001	19380000	0.29339418047619
11	19380001	19390000	0.666405787804878
11	19390001	19400000	0.315083172986207
11	19400001	19410000	0.476432642391304
11	19420001	19430000	0.37978179587234
11	19430001	19440000	0.497195370937519
11	19440001	19450000	0.773258136956522
11	19450001	19460000	0.591846459983677
11	19460001	19470000	0.570536926054472
11	19470001	19480000	0.474582760195489
11	19480001	19490000	0.644484506070909
11	19490001	19500000	0.467580471185135
11	19500001	19510000	0.412439520811594
11	19510001	19520000	0.528491027872565
11	19520001	19530000	0.352923488802652
11	19530001	19540000	0.507182516127193
11	19540001	19550000	0.142459534146341
11	19550001	19560000	0.595564060884354
11	19560001	19570000	0.526755745144928
11	19570001	19580000	0.428848890273333
11	19580001	19590000	0.612225759863946
11	19590001	19600000	0.55834795462963
11	19600001	19610000	0.517979905714286
11	19610001	19620000	0.406884611111111
11	19620001	19630000	0.099292
11	19790001	19800000	0.405815
11	19900001	19910000	0.768269002843602
11	19910001	19920000	0.708445212258065
11	19920001	19930000	0.687982409352518
11	19930001	19940000	0.646858433922261
11	19940001	19950000	0.453372260982578
11	19950001	19960000	0.624848544117647
11	19960001	19970000	0.35073031834878
11	19970001	19980000	0.501899659766215
11	19980001	19990000	0.571041838152738
11	19990001	2e+07	0.419599275092391
11	20000001	20010000	0.528902030714286
11	20010001	20020000	0.677682052542373
11	20020001	20030000	0.627490360479042
11	20030001	20040000	0.41087511435107
11	20040001	20050000	0.501172915106383
11	20050001	20060000	0.43146948072807
11	20060001	20070000	0.304046047395
11	20070001	20080000	0.203293437190476
11	20080001	20090000	0.114433054582778
11	20090001	20100000	0.24703675974026
11	20100001	20110000	0.185471018225234
11	20110001	20120000	0.232144976756757
11	20130001	20140000	0.0385463392666667
11	20160001	20170000	0.0905410753871795
11	20170001	20180000	0.184976880416952
11	20180001	20190000	0.180387944142857
11	20190001	20200000	0.2304766
11	20200001	20210000	0.142388168962778
11	20210001	20220000	0.135260578
11	20220001	20230000	0.302550886206897
11	20230001	20240000	0.0639493457023077
11	20250001	20260000	0.239679999195
11	20260001	20270000	0.173341715732051
11	20270001	20280000	0.033958020887619
11	20280001	20290000	0.107248729730952
11	20300001	20310000	0.198882093185714
11	20310001	20320000	0.0499477154251471
11	20320001	20330000	0.049609369822093
11	20330001	20340000	0.227078825
11	20340001	20350000	0.210305878180851
11	20350001	20360000	0.117314296853725
11	20360001	20370000	0.254502328082857
11	20370001	20380000	0.184439497702107
11	20380001	20390000	0.259670859047619
11	20390001	20400000	0.1609351093308
11	20400001	20410000	0.0816778556842105
11	20410001	20420000	0.272594192916667
11	20420001	20430000	0.168600682898551
11	20430001	20440000	0.0145103468235294
11	20440001	20450000	0.2568825125
11	20460001	20470000	0.168531731307692
11	20470001	20480000	0.167535361046154
11	20480001	20490000	0.0432772290705882
11	20490001	20500000	0.0347276134366667
11	20510001	20520000	0.0473684215
11	20520001	20530000	0.0550797563291667
11	20530001	20540000	0.166098514904505
11	20540001	20550000	0.120206277677505
11	20550001	20560000	0.0445078200833333
11	20560001	20570000	0.185613720976744
11	20570001	20580000	0.401287462857143
11	20580001	20590000	0.247478070470588
11	20590001	20600000	0.267454472850847
11	20600001	20610000	0.223341705255556
11	20610001	20620000	0.232996663583333
11	20620001	20630000	0.185678258
11	20630001	20640000	0.428459185714286
11	20640001	20650000	0.221674352941176
11	20650001	20660000	0.190134503870968
11	20660001	20670000	0.179869174878049
11	20670001	20680000	0.192909983846154
11	20680001	20690000	0.0500792614511628
11	20700001	20710000	0.100670003219355
11	20710001	20720000	0.09411138734375
11	20720001	20730000	0.156004822572973
11	20730001	20740000	0.12622353080139
11	20740001	20750000	0.0889233609122807
11	20750001	20760000	0.214162521445429
11	20760001	20770000	0.0535446222197727
11	20770001	20780000	0.246573840465116
11	20780001	20790000	0.169102581333333
11	20790001	20800000	0.254123431839506
11	20800001	20810000	0.291156677142857
11	20810001	20820000	0.168314595238095
11	20820001	20830000	0.102553073234073
11	20830001	20840000	0.266660680195876
11	20840001	20850000	0.361673291428571
11	20850001	20860000	0.24946062256
11	20860001	20870000	0.0806912771428571
11	20870001	20880000	0.2126801982
11	20880001	20890000	0.194708240290323
11	20900001	20910000	0.255970463019608
11	20920001	20930000	0.121234862467742
11	20930001	20940000	0.0433199258823529
11	20950001	20960000	0.253905676111111
11	20960001	20970000	0.341737161790147
11	20970001	20980000	0.489350225806452
11	20980001	20990000	0.226022171294118
11	20990001	2.1e+07	0.32911448552381
11	21000001	21010000	0.312421646634146
11	21010001	21020000	0.34567838
11	21020001	21030000	0.102633747
11	21030001	21040000	0.445945541176471
11	21040001	21050000	0.18536896
11	21050001	21060000	0.506215235714286
11	21060001	21070000	0.304049458709677
11	21070001	21080000	0.338821917910448
11	21090001	21100000	0.208347978760331
11	21100001	21110000	0.317998855714286
11	21110001	21120000	0.0605532097142857
11	21130001	21140000	0.243197541182796
11	21140001	21150000	0.371493728076724
11	21150001	21160000	0.443052879385047
11	21160001	21170000	0.480845880851064
11	21170001	21180000	0.356866673084112
11	21180001	21190000	0.423427826911321
11	21190001	21200000	0.347701378235955
11	21200001	21210000	0.365904107843293
11	21210001	21220000	0.205658428432151
11	21220001	21230000	0.0671683806206897
11	21230001	21240000	0.340153759546667
11	21240001	21250000	0.211987067090909
11	21250001	21260000	0.154986151028875
11	21260001	21270000	0.244627723626033
11	21270001	21280000	0.0817292605681818
11	21290001	21300000	0.4506523596
11	21300001	21310000	0.178416227402464
11	21310001	21320000	0.320604196861829
11	21320001	21330000	0.303918416891892
11	21340001	21350000	0.494341502669
11	21350001	21360000	0.537043454489796
11	21360001	21370000	0.680283173684211
11	21370001	21380000	0.13894285
11	21380001	21390000	0.721405428571429
11	21390001	21400000	0.117277866666667
11	21400001	21410000	0.892862466666667
