UponCompletionOf_200000_sweeps
LocNumber LocName AlleleNumber AlleleName FreqInPop0 FreqInPop1 SDInPop0 SDinPop1
0	chr01A_44245976	0	110	0.138099	0.907800	0.055300	0.034344
0	chr01A_44245976	1	100	0.861901	0.092200	0.055300	0.034344
1	chr01A_44392124	0	100	0.144432	0.924307	0.052999	0.031014
1	chr01A_44392124	1	110	0.855568	0.075693	0.052999	0.031014
2	chr01A_45766189	0	100	0.136234	0.702699	0.053660	0.055001
2	chr01A_45766189	1	110	0.863766	0.297301	0.053660	0.055001
3	chr01A_45985083	0	100	0.184619	0.948790	0.059329	0.026751
3	chr01A_45985083	1	110	0.815381	0.051210	0.059329	0.026751
4	chr01A_45985175	0	100	0.109876	0.934566	0.047885	0.030025
4	chr01A_45985175	1	110	0.890124	0.065434	0.047885	0.030025
5	chr01A_45987888	0	100	0.118542	0.868957	0.047023	0.041575
5	chr01A_45987888	1	110	0.881458	0.131043	0.047023	0.041575
6	chr01A_45988178	0	100	0.138827	0.887466	0.050201	0.038685
6	chr01A_45988178	1	110	0.861173	0.112534	0.050201	0.038685
7	chr01A_45988186	0	100	0.163875	0.963378	0.053781	0.023123
7	chr01A_45988186	1	110	0.836125	0.036622	0.053781	0.023123
8	chr01A_45988274	0	100	0.130953	0.933118	0.050821	0.030625
8	chr01A_45988274	1	110	0.869047	0.066882	0.050821	0.030625
9	chr01A_45988328	0	100	0.132852	0.962551	0.051555	0.023744
9	chr01A_45988328	1	110	0.867148	0.037449	0.051555	0.023744
10	chr01A_45988665	0	100	0.168490	0.858955	0.055561	0.042142
10	chr01A_45988665	1	110	0.831510	0.141045	0.055561	0.042142
11	chr01A_45990033	0	100	0.085174	0.880973	0.045517	0.038209
11	chr01A_45990033	1	110	0.914826	0.119027	0.045517	0.038209
12	chr01A_45990549	0	100	0.035565	0.937128	0.028056	0.028682
12	chr01A_45990549	1	110	0.964435	0.062872	0.028056	0.028682
13	chr01A_45992384	0	100	0.038252	0.944254	0.030051	0.028020
13	chr01A_45992384	1	110	0.961748	0.055746	0.030051	0.028020
14	chr01A_45993920	0	100	0.056057	0.928913	0.033974	0.031632
14	chr01A_45993920	1	110	0.943943	0.071087	0.033974	0.031632
15	chr01A_45995093	0	100	0.038105	0.849171	0.030172	0.044153
15	chr01A_45995093	1	110	0.961895	0.150829	0.030172	0.044153
16	chr01A_45995941	0	100	0.035131	0.941961	0.027715	0.029503
16	chr01A_45995941	1	110	0.964869	0.058039	0.027715	0.029503
17	chr01A_45996363	0	100	0.035529	0.897605	0.028012	0.037139
17	chr01A_45996363	1	110	0.964471	0.102395	0.028012	0.037139
18	chr01A_45996479	0	100	0.055622	0.836515	0.033834	0.045016
18	chr01A_45996479	1	110	0.944378	0.163485	0.033834	0.045016
19	chr01A_45997065	0	100	0.059627	0.942536	0.036027	0.029160
19	chr01A_45997065	1	110	0.940373	0.057464	0.036027	0.029160
20	chr01A_46253983	0	100	0.012713	0.888405	0.017555	0.038124
20	chr01A_46253983	1	110	0.987287	0.111595	0.017555	0.038124
21	chr01A_46260468	0	100	0.106333	0.976529	0.046579	0.019827
21	chr01A_46260468	1	110	0.893667	0.023471	0.046579	0.019827
22	chr01A_46261289	0	100	0.175836	0.992510	0.057059	0.010496
22	chr01A_46261289	1	110	0.824164	0.007490	0.057059	0.010496
23	chr01A_46275547	0	100	0.177456	0.992463	0.057389	0.010477
23	chr01A_46275547	1	110	0.822544	0.007537	0.057389	0.010477
24	chr01A_46275548	0	100	0.177672	0.992454	0.057438	0.010523
24	chr01A_46275548	1	110	0.822328	0.007546	0.057438	0.010523
25	chr01A_46275549	0	100	0.177665	0.992452	0.057578	0.010521
25	chr01A_46275549	1	110	0.822335	0.007548	0.057578	0.010521
26	chr01A_46275550	0	100	0.177727	0.992459	0.057630	0.010499
26	chr01A_46275550	1	110	0.822273	0.007541	0.057630	0.010499
27	chr01A_46275551	0	100	0.177501	0.992494	0.057541	0.010519
27	chr01A_46275551	1	110	0.822499	0.007506	0.057541	0.010519
28	chr01A_46275588	0	100	0.108045	0.986609	0.047159	0.015418
28	chr01A_46275588	1	110	0.891955	0.013391	0.047159	0.015418
29	chr01A_46275776	0	100	0.142457	0.953949	0.051306	0.027052
29	chr01A_46275776	1	110	0.857543	0.046051	0.051306	0.027052
30	chr01A_46276087	0	100	0.148762	0.971401	0.052815	0.021262
30	chr01A_46276087	1	110	0.851238	0.028599	0.052815	0.021262
31	chr01A_46278498	0	100	0.175662	0.939968	0.057140	0.030496
31	chr01A_46278498	1	110	0.824338	0.060032	0.057140	0.030496
32	chr01A_46278659	0	100	0.173026	0.971822	0.056512	0.020913
32	chr01A_46278659	1	110	0.826974	0.028178	0.056512	0.020913
33	chr01A_46278696	0	100	0.170051	0.957524	0.055871	0.024940
33	chr01A_46278696	1	110	0.829949	0.042476	0.055871	0.024940
34	chr01A_46279518	0	100	0.129182	0.972337	0.050531	0.020616
34	chr01A_46279518	1	110	0.870818	0.027663	0.050531	0.020616
35	chr01A_46279519	0	100	0.129245	0.972297	0.050496	0.020650
35	chr01A_46279519	1	110	0.870755	0.027703	0.050496	0.020650
36	chr01A_46279526	0	100	0.129126	0.972309	0.050458	0.020665
36	chr01A_46279526	1	110	0.870874	0.027691	0.050458	0.020665
37	chr01A_46291512	0	100	0.031015	0.952463	0.028906	0.024642
37	chr01A_46291512	1	110	0.968985	0.047537	0.028906	0.024642
38	chr01A_46291515	0	100	0.030470	0.979685	0.028513	0.016332
38	chr01A_46291515	1	110	0.969530	0.020315	0.028513	0.016332
39	chr01A_46293190	0	100	0.037557	0.993104	0.029503	0.009669
39	chr01A_46293190	1	110	0.962443	0.006896	0.029503	0.009669
40	chr01A_46293575	0	100	0.037448	0.992661	0.029500	0.010263
40	chr01A_46293575	1	110	0.962552	0.007339	0.029500	0.010263
41	chr01A_46293604	0	100	0.037587	0.978045	0.029637	0.017650
41	chr01A_46293604	1	110	0.962413	0.021955	0.029637	0.017650
42	chr01A_46294373	0	100	0.012279	0.979069	0.016941	0.016822
42	chr01A_46294373	1	110	0.987721	0.020931	0.016941	0.016822
43	chr01A_46297791	0	100	0.039834	0.992814	0.031635	0.010051
43	chr01A_46297791	1	110	0.960166	0.007186	0.031635	0.010051
44	chr01A_46297793	0	100	0.039883	0.992807	0.031700	0.010033
44	chr01A_46297793	1	110	0.960117	0.007193	0.031700	0.010033
45	chr01A_46300738	0	100	0.014279	0.818986	0.019565	0.044375
45	chr01A_46300738	1	110	0.985721	0.181014	0.019565	0.044375
46	chr01A_46301788	0	100	0.014019	0.965060	0.019367	0.021568
46	chr01A_46301788	1	110	0.985981	0.034940	0.019367	0.021568
47	chr01A_46308614	0	100	0.039355	0.923608	0.030790	0.031146
47	chr01A_46308614	1	110	0.960645	0.076392	0.030790	0.031146
48	chr01A_46308674	0	100	0.037931	0.951991	0.029689	0.024985
48	chr01A_46308674	1	110	0.962069	0.048009	0.029689	0.024985
49	chr01A_46309403	0	100	0.172817	0.963859	0.059508	0.022349
49	chr01A_46309403	1	110	0.827183	0.036141	0.059508	0.022349
50	chr01A_46321928	0	100	0.066575	0.966065	0.039840	0.020901
50	chr01A_46321928	1	110	0.933425	0.033935	0.039840	0.020901
51	chr01A_46321992	0	100	0.084641	0.979805	0.042326	0.016246
51	chr01A_46321992	1	110	0.915359	0.020195	0.042326	0.016246
52	chr01A_46326705	0	100	0.095487	0.993093	0.047221	0.009678
52	chr01A_46326705	1	110	0.904513	0.006907	0.047221	0.009678
53	chr01A_46330436	0	100	0.056585	0.993074	0.037452	0.009636
53	chr01A_46330436	1	110	0.943415	0.006926	0.037452	0.009636
54	chr01A_46334987	0	100	0.012868	0.987790	0.017721	0.014136
54	chr01A_46334987	1	110	0.987132	0.012210	0.017721	0.014136
55	chr01A_46342028	0	100	0.012902	0.993076	0.017803	0.009737
55	chr01A_46342028	1	110	0.987098	0.006924	0.017803	0.009737
56	chr01A_46342029	0	100	0.012914	0.993139	0.017759	0.009616
56	chr01A_46342029	1	110	0.987086	0.006861	0.017759	0.009616
57	chr01A_46345029	0	100	0.040049	0.993278	0.031390	0.009370
57	chr01A_46345029	1	110	0.959951	0.006722	0.031390	0.009370
58	chr01A_46356792	0	100	0.061817	0.993057	0.037139	0.009711
58	chr01A_46356792	1	110	0.938183	0.006943	0.037139	0.009711
59	chr01A_46379500	0	100	0.060045	0.879660	0.036377	0.038317
59	chr01A_46379500	1	110	0.939955	0.120340	0.036377	0.038317
60	chr01A_46385034	0	100	0.039060	0.897771	0.030862	0.037299
60	chr01A_46385034	1	110	0.960940	0.102229	0.030862	0.037299
61	chr01A_46386149	0	100	0.210094	0.972641	0.059440	0.020630
61	chr01A_46386149	1	110	0.789906	0.027359	0.059440	0.020630
62	chr01A_46387642	0	100	0.110343	0.978665	0.048190	0.017330
62	chr01A_46387642	1	110	0.889657	0.021335	0.048190	0.017330
63	chr01A_46394408	0	100	0.045000	0.949757	0.035167	0.026708
63	chr01A_46394408	1	110	0.955000	0.050243	0.035167	0.026708
64	chr01A_46394430	0	100	0.015698	0.922091	0.021651	0.032256
64	chr01A_46394430	1	110	0.984302	0.077909	0.021651	0.032256
65	chr01A_46395563	0	100	0.012703	0.950955	0.017590	0.026130
65	chr01A_46395563	1	110	0.987297	0.049045	0.017590	0.026130
66	chr01A_46395766	0	100	0.037386	0.937282	0.029533	0.029064
66	chr01A_46395766	1	110	0.962614	0.062718	0.029533	0.029064
67	chr01A_46406336	0	100	0.065892	0.936872	0.039461	0.029070
67	chr01A_46406336	1	110	0.934108	0.063128	0.039461	0.029070
68	chr01A_46407216	0	100	0.059366	0.935238	0.035802	0.029979
68	chr01A_46407216	1	110	0.940634	0.064762	0.035802	0.029979
69	chr01A_46407593	0	100	0.081072	0.935650	0.040926	0.029760
69	chr01A_46407593	1	110	0.918928	0.064350	0.040926	0.029760
70	chr01A_46413016	0	100	0.119233	0.965844	0.051450	0.022003
70	chr01A_46413016	1	110	0.880767	0.034156	0.051450	0.022003
71	chr03_56473808	0	100	0.080774	0.816686	0.040982	0.047804
71	chr03_56473808	1	110	0.919226	0.183314	0.040982	0.047804
72	chr03_56476248	0	100	0.057886	0.814730	0.035079	0.046602
72	chr03_56476248	1	110	0.942114	0.185270	0.035079	0.046602
73	chr03_56476317	0	100	0.061554	0.832864	0.037028	0.044514
73	chr03_56476317	1	110	0.938446	0.167136	0.037028	0.044514
74	chr03_56551378	0	100	0.142401	0.797295	0.054366	0.047782
74	chr03_56551378	1	110	0.857599	0.202705	0.054366	0.047782
75	chr03_108490142	0	100	0.193231	0.714646	0.062494	0.054573
75	chr03_108490142	1	110	0.806769	0.285354	0.062494	0.054573
76	chr11_21391783	0	100	0.498887	0.885970	0.075320	0.038702
76	chr11_21391783	1	110	0.501113	0.114030	0.075320	0.038702
77	chr13_2433142	0	100	0.248961	0.804746	0.063891	0.047356
77	chr13_2433142	1	110	0.751039	0.195254	0.063891	0.047356
