Sample	aligned_reads	ambig_reads	discarded_reads	meth_chg	meth_chh	meth_cpg	no_alignments	percent_aligned	percent_chg_meth	percent_chh_meth	percent_cpg_meth	strand_ctob	strand_ctot	strand_directional	strand_ob	strand_ot	total_c	total_reads	unmeth_chg	unmeth_chh	unmeth_cpg
DE_06_R_U085067_BL_ADL_F__SRR17643235__R1__05710342cf7e8b7d57e35046a899c7c4_val_1	18347231.0	3146583.0	456.0	2528403.0	3570226.0	87773974.0	5763467.0	67.31130298726421	0.7	0.5	36.1	0.0	0.0	directional	9177728.0	9169047.0	1291714010.0	27257281.0	360984747.0	681694562.0	155162098.0
DE_06_R_U149791_BL_ADL_M__SRR17643234__R1__44c08baad7f4ad8d3cb6b7e6a01c8e05_val_1	18094863.0	3058568.0	476.0	2402497.0	3290864.0	84779093.0	5420231.0	68.09322328251184	0.7	0.5	34.4	0.0	0.0	directional	9055238.0	9039149.0	1258464302.0	26573662.0	353050567.0	653285103.0	161656178.0
DE_06_R_U168348_BL_CHK_U__SRR17643231__R1__2f999eab6cd68b59d28d513c5aead658_val_1	18176555.0	2869167.0	349.0	2278193.0	3238782.0	86828070.0	4474392.0	71.22442713226124	0.6	0.5	36.3	0.0	0.0	directional	9100986.0	9075220.0	1293519897.0	25520114.0	361489161.0	687398552.0	152287139.0
DE_07_R_U149791_BL_ADL_M__SRR17643233__R1__940be4085e6b0d9c7f984db0a5dd2bb8_val_1	15624963.0	2460335.0	369.0	1760699.0	2732175.0	65201409.0	4867786.0	68.07347979905445	0.6	0.5	34.7	0.0	0.0	directional	7822531.0	7802063.0	1038742643.0	22953084.0	285005586.0	561193406.0	122849368.0
DE_07_R_U150702_BL_ADL_M__SRR17643232__R1__6dd25ba4ebba2668ad4f279698d46c9d_val_1	18544962.0	3101850.0	526.0	2532114.0	3583048.0	86691837.0	6050336.0	66.95621513088639	0.7	0.5	35.2	0.0	0.0	directional	9262631.0	9281805.0	1300762073.0	27697148.0	362082101.0	686535171.0	159337802.0
DE_07_R_U170608_BL_YRL_M__SRR17643230__R1__0c0141d8d5e918972aa448cee61b4ef9_val_1	15686562.0	2791666.0	303.0	1836915.0	2598963.0	70498378.0	4888889.0	67.13092590754778	0.6	0.5	34.7	0.0	0.0	directional	7875922.0	7810337.0	1019681060.0	23367117.0	284291411.0	527926318.0	132529075.0
DE_07_R_ZD007779_BL_CHK_F__SRR17643027__R1__f11b8c27f0d28aa161cc9c80d764b434_val_1	17141435.0	3136158.0	412.0	2157817.0	3112118.0	81769175.0	6632079.0	63.69990314263214	0.6	0.5	36.8	0.0	0.0	directional	8581551.0	8559472.0	1199814354.0	26909672.0	334690072.0	637531197.0	140553975.0
DE_08_R_90037526_BL_CHK_U__SRR17643132__R1__55975549d33d42d135a1a18acee3dfcc_val_1	17264103.0	2880096.0	436.0	2175706.0	3234411.0	83281315.0	4774943.0	69.28048726557279	0.6	0.5	37.5	0.0	0.0	directional	8653975.0	8609692.0	1224021896.0	24919142.0	338734172.0	657602823.0	138993469.0
DE_08_R_90039469_BL_CHK_U__SRR17643131__R1__37c1019ab29bc6cad3d8f25bb8dbbefe_val_1	16307112.0	2752918.0	331.0	2115040.0	3093976.0	79239876.0	4580057.0	68.98076136521833	0.7	0.5	38.0	0.0	0.0	directional	8168104.0	8138677.0	1149358659.0	23640087.0	318043370.0	617358259.0	129508138.0
DE_08_R_U170608_BL_ADL_M__SRR17643229__R1__6bf267b2c367aeafeec6ce33515606cf_val_1	18125639.0	3063424.0	382.0	2515777.0	3508312.0	90872703.0	5774115.0	67.2236744496513	0.7	0.5	36.7	0.0	0.0	directional	9091012.0	9034245.0	1279102628.0	26963178.0	358883641.0	666439754.0	156882441.0
DE_08_R_U184095_BL_ADL_F__SRR17643228__R1__936930d54f4e0563f5763e60bf2d15fb_val_1	17029272.0	3391942.0	539.0	2267524.0	3278856.0	86703655.0	4529469.0	68.25172681645628	0.7	0.5	37.7	0.0	0.0	directional	8576142.0	8452591.0	1188244310.0	24950683.0	331069483.0	621777359.0	143147433.0
DE_08_R_U240585_BL_YRL_F__SRR17643226__R1__d6a707af3ffcb31969287144922d8ca4_val_1	12396630.0	2194789.0	244.0	1632865.0	2387491.0	59344780.0	3931221.0	66.92690674763425	0.7	0.5	36.2	0.0	0.0	directional	6216325.0	6180061.0	877031704.0	18522640.0	243784388.0	465334476.0	104547704.0
DE_08_R_U240585_BL_YRL_F__SRR17643227__R1__439b8a36e4067f0457eb4f5814facd68_val_1	2850691.0	512161.0	65.0	375390.0	548751.0	13862366.0	702536.0	70.12100690020239	0.7	0.5	36.6	0.0	0.0	directional	1432522.0	1418104.0	201478795.0	4065388.0	55844595.0	106808879.0	24038814.0
DE_08_R_ZD007739_BL_YRL_M__SRR17643029__R1__87b4f5db97265fddc209f33b5597b539_val_1	17017308.0	3222473.0	509.0	2365220.0	3515707.0	87273935.0	469583771.0	3.4741710419020437	0.7	0.6	37.3	0.0	0.0	directional	8573657.0	8443142.0	1162912306.0	489823552.0	322395670.0	600728959.0	146632815.0
DE_08_R_ZD007739_BL_YRL_M__SRR17777314__R1__ec0829e7eb76f8e01109ee90df9933ce_val_1	11284830.0	2037535.0	347.0	1638312.0	2369764.0	53681659.0	8100406.0	52.676798907106836	0.8	0.6	35.8	0.0	0.0	directional	5628870.0	5655613.0	761469417.0	21422771.0	213083205.0	394396064.0	96300413.0
DE_08_R_ZD007739_BL_YRL_M__SRR17777315__R1__4aeb8415b8ed765e1def6b9960b4e31d_val_1	2227884.0	419727.0	63.0	312249.0	454863.0	11273584.0	898632.0	62.823782803378116	0.7	0.6	37.3	0.0	0.0	directional	1121042.0	1106779.0	152269925.0	3546243.0	42247134.0	79037371.0	18944724.0
DE_08_R_ZD007739_BL_YRL_M__SRR17777316__R1__d8e26079d2384d1f0432756348475162_val_1	2047625.0	384570.0	59.0	284081.0	411923.0	10371835.0	791954.0	63.509006562661966	0.7	0.6	37.2	0.0	0.0	directional	1030500.0	1017066.0	139643740.0	3224149.0	38744707.0	72284325.0	17546869.0
DE_08_R_ZD007779_BL_YRL_F__SRR17643026__R1__dd023d2c4bb33c293e2039b21aee8d36_val_1	19349009.0	3225969.0	511.0	2410717.0	3575610.0	89616628.0	6633612.0	66.24424184803169	0.6	0.5	35.8	0.0	0.0	directional	9676131.0	9672367.0	1382610341.0	29208590.0	384043852.0	742095468.0	160868066.0
DE_09_R_U240585_BL_ADL_F__SRR17643224__R1__56b3f7ff1354199502017413cf7ec4e6_val_1	17110468.0	3007043.0	367.0	2243890.0	3230630.0	82402464.0	4954884.0	68.24425029998132	0.7	0.5	37.2	0.0	0.0	directional	8589045.0	8521056.0	1206232240.0	25072395.0	335418090.0	643815022.0	139122144.0
DE_09_R_U241924_BL_ADL_F__SRR17643223__R1__34a7531b2ff36347512da4b5647f69db_val_1	17265051.0	3178080.0	549.0	2285486.0	3170649.0	83545129.0	5883105.0	65.58116017800646	0.7	0.5	35.9	0.0	0.0	directional	8637606.0	8626896.0	1193205014.0	26326236.0	335298779.0	619581929.0	149323042.0
DE_09_R_ZD007739_BL_ADL_M__SRR17643028__R1__d7286b2ea07222521de2e5264ad61c42_val_1	19726283.0	3224367.0	465.0	2394823.0	3420433.0	90864198.0	5024924.0	70.5125228172262	0.6	0.5	34.8	0.0	0.0	directional	9877939.0	9847879.0	1394009774.0	27975574.0	389718015.0	737034295.0	170578010.0
DE_19_R_19DE043_BL_ADL_M__SRR17643067__R1__1b37b6550c557cceaa9b9198f7ec7d3c_val_1	19860684.0	3405013.0	426.0	2591818.0	3537051.0	100919566.0	5684534.0	68.60285156273883	0.7	0.5	38.1	0.0	0.0	directional	9957819.0	9902439.0	1386987815.0	28950231.0	389860932.0	726096511.0	163981937.0
DE_19_R_19DE044_BL_ADL_F__SRR17643066__R1__ad79a43c687e15ed02a5637394240fa3_val_1	19205212.0	3296890.0	460.0	2594346.0	3739805.0	95591881.0	5512135.0	68.55518499397289	0.7	0.5	38.1	0.0	0.0	directional	9616615.0	9588137.0	1369866194.0	28014237.0	379921454.0	732966061.0	155052647.0
DE_19_R_19DE054_BL_ADL_M__SRR17643065__R1__7c1f8d71e72bc6616de60697819d555d_val_1	20788950.0	3552603.0	493.0	2685822.0	3872137.0	102638315.0	6439416.0	67.53832213664228	0.6	0.5	38.0	0.0	0.0	directional	10404192.0	10384265.0	1489850892.0	30780969.0	415023985.0	798363342.0	167267291.0
DE_19_R_19DE057_BL_ADL_F__SRR17643064__R1__8d55184eac4dd1eb376af8106b199884_val_1	17545921.0	3015538.0	370.0	2267781.0	3263466.0	91099751.0	5226342.0	68.03961687155876	0.7	0.5	39.7	0.0	0.0	directional	8786808.0	8758743.0	1234921482.0	25787801.0	343896573.0	655748971.0	138644940.0
DE_19_R_19DE108_BL_ADL_M__SRR17643063__R1__e79f88f8d42ea42721e1b8eb873df071_val_1	17869455.0	3160218.0	381.0	2342998.0	3216660.0	90908484.0	5306753.0	67.850721278582	0.7	0.5	37.8	0.0	0.0	directional	8969059.0	8900015.0	1250175131.0	26336426.0	350148932.0	653798587.0	149759470.0
DE_19_R_19DE110_BL_ADL_F__SRR17643062__R1__c4eb351aa1b150227f670c33a744575b_val_1	18775722.0	3407440.0	489.0	2296057.0	3172136.0	95469494.0	5713774.0	67.30388598948645	0.6	0.5	37.9	0.0	0.0	directional	9434277.0	9340956.0	1290626610.0	27896936.0	362473206.0	671073894.0	156141823.0
DE_20_R_20DE008_BL_ADL_F__SRR17643259__R1__07cc622bdc794b70f452c5fbee9a1c16_val_1	18606819.0	3408913.0	408.0	2356578.0	3254388.0	92131872.0	5919974.0	66.60586634180643	0.6	0.5	36.9	0.0	0.0	directional	9321870.0	9284541.0	1295583183.0	27935706.0	363796037.0	676235958.0	157808350.0
DE_20_R_20DE071_BL_ADL_M__SRR17643258__R1__0bd8241392428447f4cdfb842353ce5c_val_1	19263694.0	3138658.0	357.0	2474991.0	3496050.0	92112266.0	5949714.0	67.94458647211106	0.6	0.5	36.4	0.0	0.0	directional	9649276.0	9614061.0	1364650690.0	28352066.0	382002543.0	723903083.0	160661757.0
DE_20_R_20DE078_BL_ADL_M__SRR17643257__R1__a0d88e9fdcf96063dbc4096f783f8918_val_1	17734872.0	3059128.0	350.0	2218569.0	3021569.0	87558245.0	5705352.0	66.92568180535132	0.6	0.5	36.3	0.0	0.0	directional	8870416.0	8864106.0	1231352784.0	26499352.0	347374130.0	637436400.0	153743871.0
DE_20_R_20DE139_BL_ADL_F__SRR17643256__R1__9ee71c866a868115e51f179a63560eef_val_1	15234062.0	2641424.0	369.0	1920268.0	2781183.0	75611908.0	4463368.0	68.1953604244873	0.6	0.5	38.1	0.0	0.0	directional	7654592.0	7579101.0	1078656353.0	22338854.0	298944185.0	576707028.0	122691781.0
DE_20_R_20DE145_BL_ADL_M__SRR17643255__R1__b1bad1738e1f532f23075c9066ee956d_val_1	19745733.0	3167080.0	362.0	2504833.0	3463911.0	93191306.0	6044305.0	68.18956568813236	0.6	0.5	35.2	0.0	0.0	directional	9892035.0	9853336.0	1396247854.0	28957118.0	391980189.0	733758870.0	171348745.0
