Sample	Bismark_mqc-generalstats-bismark-percent_cpg_meth	Bismark_mqc-generalstats-bismark-percent_chg_meth	Bismark_mqc-generalstats-bismark-percent_chh_meth	Bismark_mqc-generalstats-bismark-total_c	Bismark_mqc-generalstats-bismark-aligned_reads	Bismark_mqc-generalstats-bismark-percent_aligned
DE_06_R_U085067_BL_ADL_F__SRR17643235__R1__05710342cf7e8b7d57e35046a899c7c4_val_1	36.4	0.7	0.5	705727378.0	18347231.0	67.31130298726421
DE_06_R_U149791_BL_ADL_M__SRR17643234__R1__44c08baad7f4ad8d3cb6b7e6a01c8e05_val_1	34.7	0.7	0.5	675590372.0	18094863.0	68.09322328251184
DE_06_R_U168348_BL_CHK_U__SRR17643231__R1__2f999eab6cd68b59d28d513c5aead658_val_1	37.0	0.7	0.5	727027791.0	18176555.0	71.22442713226124
DE_07_R_U149791_BL_ADL_M__SRR17643233__R1__940be4085e6b0d9c7f984db0a5dd2bb8_val_1	35.1	0.6	0.5	572222766.0	15624963.0	68.07347979905445
DE_07_R_U150702_BL_ADL_M__SRR17643232__R1__6dd25ba4ebba2668ad4f279698d46c9d_val_1	35.5	0.7	0.5	702848984.0	18544962.0	66.95621513088639
DE_07_R_U170608_BL_YRL_M__SRR17643230__R1__0c0141d8d5e918972aa448cee61b4ef9_val_1	35.2	0.7	0.5	554341737.0	15686562.0	67.13092590754778
DE_07_R_ZD007779_BL_CHK_F__SRR17643027__R1__f11b8c27f0d28aa161cc9c80d764b434_val_1	37.3	0.7	0.5	676991193.0	17141435.0	63.69990314263214
DE_08_R_90037526_BL_CHK_U__SRR17643132__R1__55975549d33d42d135a1a18acee3dfcc_val_1	38.0	0.7	0.5	693176718.0	17264103.0	69.28048726557279
DE_08_R_90039469_BL_CHK_U__SRR17643131__R1__37c1019ab29bc6cad3d8f25bb8dbbefe_val_1	38.6	0.7	0.5	644580113.0	16307112.0	68.98076136521833
DE_08_R_U170608_BL_ADL_M__SRR17643229__R1__6bf267b2c367aeafeec6ce33515606cf_val_1	37.0	0.7	0.5	698950153.0	18125639.0	67.2236744496513
DE_08_R_U184095_BL_ADL_F__SRR17643228__R1__936930d54f4e0563f5763e60bf2d15fb_val_1	37.9	0.7	0.5	624965720.0	17029272.0	68.25172681645628	
DE_08_R_U240585_BL_YRL_F__SRR17643226__R1__d6a707af3ffcb31969287144922d8ca4_val_1	36.4	0.7	0.5	476260970.0	12396630.0	66.92690674763425
DE_08_R_U240585_BL_YRL_F__SRR17643227__R1__439b8a36e4067f0457eb4f5814facd68_val_1	37.0	0.7	0.5	109325359.0	2850691.0	70.12100690020239		
DE_08_R_ZD007739_BL_YRL_M__SRR17643029__R1__87b4f5db97265fddc209f33b5597b539_val_1	37.5	0.8	0.6	605962443.0	17017308.0	3.4741710419020437
DE_08_R_ZD007739_BL_YRL_M__SRR17777314__R1__ec0829e7eb76f8e01109ee90df9933ce_val_1	35.7	0.8	0.6	400022143.0	11284830.0	52.676798907106836
DE_08_R_ZD007739_BL_YRL_M__SRR17777315__R1__4aeb8415b8ed765e1def6b9960b4e31d_val_1	37.3	0.8	0.6	79674417.0	2227884.0	62.823782803378116
DE_08_R_ZD007739_BL_YRL_M__SRR17777316__R1__d8e26079d2384d1f0432756348475162_val_1	37.2	0.8	0.6	72979838.0	2047625.0	63.509006562661966
DE_08_R_ZD007779_BL_YRL_F__SRR17643026__R1__dd023d2c4bb33c293e2039b21aee8d36_val_1	36.4	0.7	0.5	784498096.0	19349009.0	66.24424184803169
DE_09_R_U240585_BL_ADL_F__SRR17643224__R1__56b3f7ff1354199502017413cf7ec4e6_val_1	37.7	0.7	0.5	678925586.0	17110468.0	68.24425029998132
DE_09_R_U241924_BL_ADL_F__SRR17643223__R1__34a7531b2ff36347512da4b5647f69db_val_1	36.2	0.7	0.5	649090475.0	17265051.0	65.58116017800646
DE_09_R_ZD007739_BL_ADL_M__SRR17643028__R1__d7286b2ea07222521de2e5264ad61c42_val_1	35.4	0.6	0.5	784563940.0	19726283.0	70.5125228172262
DE_19_R_19DE043_BL_ADL_M__SRR17643067__R1__1b37b6550c557cceaa9b9198f7ec7d3c_val_1	38.5	0.7	0.5	761301046.0	19860684.0	68.60285156273883
DE_19_R_19DE044_BL_ADL_F__SRR17643066__R1__ad79a43c687e15ed02a5637394240fa3_val_1	38.5	0.7	0.5	760346502.0	19205212.0	68.55518499397289
DE_19_R_19DE054_BL_ADL_M__SRR17643065__R1__7c1f8d71e72bc6616de60697819d555d_val_1	38.5	0.7	0.5	839635444.0	20788950.0	67.53832213664228
DE_19_R_19DE057_BL_ADL_F__SRR17643064__R1__8d55184eac4dd1eb376af8106b199884_val_1	40.1	0.7	0.5	688748526.0	17545921.0	68.03961687155876
DE_19_R_19DE108_BL_ADL_M__SRR17643063__R1__e79f88f8d42ea42721e1b8eb873df071_val_1	38.1	0.7	0.5	687606649.0	17869455.0	67.850721278582
DE_19_R_19DE110_BL_ADL_F__SRR17643062__R1__c4eb351aa1b150227f670c33a744575b_val_1	38.2	0.7	0.5	704899579.0	18775722.0	67.30388598948645
DE_20_R_20DE008_BL_ADL_F__SRR17643259__R1__07cc622bdc794b70f452c5fbee9a1c16_val_1	37.1	0.7	0.5	701306890.0	18606819.0	66.60586634180643
DE_20_R_20DE071_BL_ADL_M__SRR17643258__R1__0bd8241392428447f4cdfb842353ce5c_val_1	36.8	0.7	0.5	752252066.0	19263694.0	67.94458647211106
DE_20_R_20DE078_BL_ADL_M__SRR17643257__R1__a0d88e9fdcf96063dbc4096f783f8918_val_1	36.5	0.7	0.5	666005200.0	17734872.0	66.92568180535132
DE_20_R_20DE139_BL_ADL_F__SRR17643256__R1__9ee71c866a868115e51f179a63560eef_val_1	38.6	0.7	0.5	607063069.0	15234062.0	68.1953604244873
DE_20_R_20DE145_BL_ADL_M__SRR17643255__R1__b1bad1738e1f532f23075c9066ee956d_val_1	35.5	0.7	0.5	764738987.0	19745733.0	68.18956568813236
