response_variable	term	estimate	std.error	statistic	p.value	deviance	df.residual	AIC	BIC	nobs	dispersion_parameter	chr	start	end	pos	RU_13_R_VN96102_BL_ADL_M	RU_13_R_VN96106_BL_ADL_M	RU_13_R_VN96110_BL_ADL_M	RU_13_R_VN96113_BL_ADL_F	RU_13_R_VN96116_BL_ADL_M	RU_13_R_VN96117_BL_ADL_F	RU_13_R_VN96118_BL_ADL_F	RU_13_R_VN96122_BL_ADL_F	RU_13_R_VN96123_BL_ADL_M	RU_13_R_VN96124_BL_ADL_F	RU_13_R_VN96298_BL_ADL_F	RU_13_R_VN96300_BL_ADL_F	RU_13_RT_VN96011_BL_ADL_F	RU_13_RT_VN96022_BL_ADL_M	RU_13_RT_VN96023_BL_ADL_M	RU_13_RT_VN96026_BL_ADL_M	RU_13_RT_VN96034_BL_ADL_M	RU_13_RT_VN96035_BL_ADL_F	RU_13_RT_VN96037_BL_ADL_M	RU_13_RT_VN96053_BL_ADL_F	RU_13_RT_VN96054_BL_ADL_F	RU_13_RT_VN96055_BL_ADL_F	RU_13_RT_VN96056_BL_ADL_M	RU_13_RT_VN96076_BL_ADL_F	RU_13_RT_VN96078_BL_ADL_F	RU_13_RT_VN96091_BL_ADL_M	RU_13_RT_VN96136_BL_ADL_M	RU_13_RT_VN96137_BL_ADL_F	RU_13_RT_VN96138_BL_ADL_M	RU_13_RT_VN96141_BL_ADL_M	RU_13_RT_VN96144_BL_ADL_M	RU_13_RT_VN96145_BL_ADL_F	RU_13_RT_VN96151_BL_ADL_M	RU_13_RT_VN96152_BL_ADL_M	RU_13_RT_VN96153_BL_ADL_F	RU_13_RT_VN96154_BL_ADL_M	RU_13_RT_VN96158_BL_ADL_M	RU_13_RT_VN96159_BL_ADL_M	RU_13_RT_VN96161_BL_ADL_M	RU_13_RT_VN96163_BL_ADL_M	RU_13_RT_VN96165_BL_ADL_F	RU_13_RT_VN96166_BL_ADL_M	RU_13_RT_VN96171_BL_ADL_F	RU_13_RT_VN96180_BL_ADL_M	RU_13_RT_VN96182_BL_ADL_M	RU_13_RT_VN96190_BL_ADL_F	RU_13_RT_VN96194_BL_ADL_M	RU_13_RT_VN96198_BL_ADL_M	RU_13_RT_VN96200_BL_ADL_M	RU_13_T_NB019_BL_ADL_M	RU_13_T_NB027_BL_ADL_M	RU_13_T_NB028_BL_ADL_F	RU_13_T_NB029_BL_ADL_F	RU_13_T_NB031_BL_ADL_F	RU_13_T_NB033_BL_ADL_F	RU_13_T_NB038_BL_ADL_M	RU_13_T_NB040_BL_ADL_F	RU_13_T_NB041_BL_ADL_F	RU_17_T_NB022_BL_ADL_M	RU_17_T_NB030_BL_ADL_F	distance
chr11_17906495.meth	chr11_17906495	-1.00678150896649	0.457616873452122	-2.20005329211669	0.0353843711180071	12.3320416261083	31	NA	NA	34	0.397807794390591	chr11	17906495	NA	17906250	0	0	0	0	0	0	0	1	0	0	0	0	0	0	0	0	0	0	0	0	0	1	1	1	1	0	0	0	0	0	0	0	2	1	1	0	1	0	0	0	NA	0	0	NA	1	0	0	1	1	1	1	0	2	1	0	1	0	1	0	0	-245
chr26_4462905.meth	chr26_4462905	0.644047043025112	0.301160396585979	2.13855158356202	0.04102390435085	3.75105286247609	29	NA	NA	32	0.12934665043021	chr26	4462905	NA	4464438	0	0	0	0	1	2	0	0	0	1	0	0	0	0	1	1	1	0	0	0	1	0	1	0	0	1	0	0	1	1	NA	NA	0	0	1	0	1	0	0	1	0	0	0	0	1	0	0	1	1	0	0	0	1	0	0	0	0	0	0	0	1533
chr04_23147291.meth	chr04_23147291	0.217554626886795	0.0915421057422176	2.37655257242419	0.0236260074813082	0.495165256464174	32	NA	NA	35	0.0154739142645054	chr04	23147291	NA	23148769	0	1	2	0	1	0	0	0	0	0	0	0	0	0	0	0	0	1	NA	1	1	1	0	0	1	0	2	0	1	0	NA	1	0	0	0	1	1	0	1	1	0	0	0	2	0	0	0	0	1	0	0	0	1	1	0	0	0	0	0	0	1478
chr07_36518714.meth	chr07_36518714	-0.309585939580588	0.133622758921066	-2.31686534599594	0.0293634590693085	0.806669382402287	24	NA	NA	28	0.033611224266762	chr07	36518714	NA	36518786	0	1	1	0	0	0	0	0	0	0	0	0	1	0	0	0	0	0	0	0	1	0	1	2	0	0	0	0	0	0	NA	NA	0	0	1	1	0	0	0	0	1	2	0	NA	0	2	0	0	0	0	0	0	0	0	0	0	0	0	0	0	72
chr21_6501256.meth	chr21_6501256	-0.562592818375414	0.260635659534326	-2.15854123484326	0.0392990410729071	1.26461382109764	29	NA	NA	33	0.0436073731412978	chr21	6501256	NA	6501218	1	0	1	1	1	0	0	1	0	1	NA	0	0	0	0	NA	0	0	0	0	0	0	0	1	0	0	0	0	0	0	NA	0	2	1	0	0	0	0	0	0	0	0	0	0	1	0	0	0	NA	0	NA	0	0	2	0	NA	0	1	0	0	-38
chr11_1745242_1747242.meth	chr11_1745242_1747242	0.130422153300357	0.0537305631053937	2.42733643130691	0.0218944577560502	0.291137681539524	28	NA	NA	32	0.0103977743406973	chr11	1745242	1747242	1746223	1	0	1	1	1	1	2	2	2	1	2	1	2	2	2	0	0	1	1	NA	2	2	1	0	0	2	2	0	0	1	0	1	2	1	2	1	2	1	2	NA	2	1	NA	NA	0	0	2	1	2	NA	2	1	2	2	2	0	2	2	2	1	981
chr03_41540662.meth	chr03_41540662	-0.383884472485327	0.186545366574827	-2.05786120306207	0.0486913409037911	2.88186877405085	29	NA	NA	32	0.0993747853120984	chr03	41540662	NA	41540694	2	2	0	1	0	1	1	1	1	0	0	1	1	0	1	1	0	0	1	0	0	0	0	2	0	1	1	1	1	0	NA	1	0	2	0	2	1	1	1	1	2	0	2	0	1	1	1	1	NA	1	1	1	2	2	1	2	1	2	2	0	32
chr02_15971_17399.meth	chr02_15971_17399	-0.278087473209677	0.128166186933003	-2.16974133243929	0.0375610439526919	1.22511575134444	32	NA	NA	35	0.0382848672295138	chr02	15971	17399	17563	0	0	0	0	0	0	0	0	0	0	1	0	0	0	1	0	0	1	0	0	0	2	0	0	0	0	0	0	1	0	NA	2	0	0	1	0	1	0	0	0	0	0	1	0	0	0	0	0	0	1	0	0	0	0	0	0	1	0	0	0	1592
chr07_2230850.meth	chr07_2230850	0.385195362166817	0.128601566544295	2.9952618192574	0.00535262421656105	0.62788451399351	31	NA	NA	34	0.020254339161081	chr07	2230850	NA	2230686	0	0	0	1	1	0	0	1	1	0	0	0	0	0	1	1	0	0	0	0	1	1	0	0	0	0	0	0	0	0	NA	0	0	1	0	0	0	1	0	1	0	0	0	NA	1	0	0	0	1	0	0	0	0	0	0	0	0	0	0	0	-164
chr26_5437059.meth	chr26_5437059	-0.193767203598423	0.0828236864135641	-2.33951435862059	0.0257116026953046	0.698981087667493	32	NA	NA	35	0.0218431589896092	chr26	5437059	NA	5437424	0	1	1	0	0	0	0	0	1	0	1	2	1	0	2	1	1	1	0	1	0	0	0	1	0	0	0	0	0	0	NA	1	0	0	0	1	1	1	1	0	0	0	2	0	2	0	2	0	0	0	1	0	0	1	0	0	0	0	0	2	365
chr14_13563512.meth	chr14_13563512	0.821777184350303	0.339782596679498	2.41853818406553	0.0228857058066998	8.11204676340305	26	NA	NA	30	0.312001798592425	chr14	13563512	NA	13563492	1	2	NA	2	2	2	1	2	NA	2	2	2	2	2	1	1	1	0	NA	0	1	2	1	1	0	2	2	2	0	1	NA	1	1	2	2	2	1	1	2	0	NA	2	0	0	2	0	1	1	NA	0	2	0	2	0	1	1	0	0	1	1	-20
chr08_29354257.meth	chr08_29354257	0.288426687917856	0.0986461792035926	2.92385057633689	0.0072448426520092	0.596040779161992	25	NA	NA	29	0.0238416311664797	chr08	29354257	NA	29354189	0	0	0	0	0	2	0	1	1	1	0	2	0	1	0	0	0	2	1	2	1	1	0	0	0	1	1	1	0	0	NA	0	1	1	0	0	2	0	0	1	2	NA	1	NA	1	0	2	1	0	0	0	1	0	0	0	0	0	1	0	0	-68
chr17_11127227_11127842.meth	chr17_11127227_11127842	-0.297713257296619	0.116057242815653	-2.56522772791967	0.0159572646941217	0.862705209038363	28	NA	NA	31	0.0308109003227987	chr17	11127227	11127842	11112173	0	0	0	0	1	1	0	0	1	0	0	0	0	0	0	0	0	0	NA	0	1	1	0	0	0	2	0	0	0	0	NA	0	0	0	2	0	0	0	1	0	1	0	0	0	0	0	0	0	NA	1	0	0	0	1	0	0	0	0	0	0	-15054
chr09_25307684_25309684.meth	chr09_25307684_25309684	0.378485259464157	0.114270448630944	3.31218844415794	0.00230363382484867	0.72981481635885	32	NA	NA	35	0.022806713011214	chr09	25307684	25309684	25308821	1	0	0	1	0	0	1	0	0	0	0	0	1	1	1	0	0	0	NA	0	0	0	1	2	0	0	0	1	0	1	NA	1	0	0	0	2	1	1	0	0	0	1	0	0	0	0	1	0	1	1	1	0	1	0	0	0	1	0	2	0	1137
chr23_5142536.meth	chr23_5142536	-0.474469531573467	0.212110487674944	-2.23689802788339	0.0328761340058166	2.01469070157387	30	NA	NA	34	0.0671563567191289	chr23	5142536	NA	5142621	2	2	2	2	1	2	2	2	NA	2	2	2	2	1	1	2	2	2	NA	2	1	2	2	2	1	2	1	1	2	1	NA	2	1	2	2	2	2	1	2	2	2	2	2	2	2	1	2	2	2	2	2	2	2	NA	2	1	2	2	2	1	85
chr03_104522722.meth	chr03_104522722	0.74247170830479	0.241718329755689	3.07164007402842	0.00470143423054936	5.05687656904501	28	NA	NA	32	0.18060273460875	chr03	104522722	NA	104521133	0	1	1	1	1	2	2	1	1	2	2	1	1	1	2	1	0	0	1	1	0	1	2	2	2	1	2	1	1	1	1	1	2	1	2	0	0	2	1	2	NA	1	2	2	1	NA	1	0	2	NA	1	1	2	1	0	0	2	1	1	1	-1589
chr04A_2931690.meth	chr04A_2931690	-0.33411098225393	0.161656732851548	-2.06679286634322	0.0477843499238591	3.18022787802538	29	NA	NA	33	0.109663030276737	chr04A	2931690	NA	2931072	2	2	0	2	1	2	1	1	2	1	1	1	0	0	2	1	2	0	1	2	1	1	2	1	1	0	0	0	2	1	0	1	1	1	1	1	0	0	1	2	NA	1	0	NA	1	2	1	2	1	1	2	0	1	2	1	2	1	1	1	1	-618
chr10_7173369.meth	chr10_7173369	0.438474375750886	0.204958701001097	2.13933038026299	0.0403918929489503	1.94347213449134	31	NA	NA	35	0.0626926494997207	chr10	7173369	NA	7173282	0	0	0	0	0	1	0	0	0	0	2	0	1	0	1	1	0	0	2	0	0	1	0	0	0	1	0	1	0	0	NA	0	0	0	0	0	0	0	1	0	0	1	1	0	0	1	1	1	1	0	2	2	NA	2	1	2	0	1	1	1	-87
chr02_892287.meth	chr02_892287	-0.373673730758444	0.179415050683221	-2.08273346820948	0.0472538850896112	0.917253532745466	26	NA	NA	29	0.0352789820286718	chr02	892287	NA	891202	0	0	1	0	0	1	0	0	0	0	0	0	0	0	1	0	0	0	NA	1	0	0	0	1	0	0	0	0	1	1	NA	0	0	0	NA	0	0	0	1	1	0	0	0	NA	0	0	0	0	0	0	0	0	1	0	1	1	0	0	0	0	-1085
chr24_2438599.meth	chr24_2438599	-0.37136633150083	0.1534994140549	-2.41933387034304	0.0222946724178529	1.32046599980857	28	NA	NA	32	0.0471594999931633	chr24	2438599	NA	2439246	0	NA	0	1	2	0	1	0	0	0	0	0	0	1	1	0	0	NA	0	0	0	1	0	1	0	1	0	2	0	0	0	0	0	0	0	0	0	1	NA	0	NA	0	1	NA	0	0	0	0	0	0	0	1	0	1	1	1	0	0	0	1	647
chr09_24692663.meth	chr09_24692663	0.249805516254241	0.100568091879691	2.48394407793958	0.0184188685714488	0.759170208937572	32	NA	NA	35	0.0237240690292991	chr09	24692663	NA	24693164	0	1	1	0	0	0	0	0	0	1	2	1	0	0	0	0	0	0	0	0	0	1	0	0	0	1	0	1	0	0	NA	0	2	0	1	2	0	0	0	1	0	0	0	0	0	1	0	0	1	1	0	0	2	1	1	2	0	0	1	0	501
chr14_14698498.meth	chr14_14698498	-0.512836786944122	0.212447679292451	-2.41394393505312	0.0220917228339795	1.97423899855231	30	NA	NA	34	0.0658079666184105	chr14	14698498	NA	14698331	0	0	0	0	0	1	0	0	0	1	0	0	1	0	1	0	0	0	0	0	1	0	1	0	0	1	0	1	0	0	NA	0	0	0	0	0	0	0	0	0	0	1	0	NA	1	0	0	NA	0	0	0	0	0	1	1	0	0	1	0	0	-167
chr27_2913929_2915929.meth	chr27_2913929_2915929	-0.231804704262049	0.0957848154007026	-2.42005690873158	0.0222582390730473	0.353189151501659	28	NA	NA	32	0.0126138982679164	chr27	2913929	2915929	2914926	1	0	0	0	0	0	0	0	0	0	1	0	0	NA	0	1	1	1	0	0	1	0	1	1	0	NA	0	0	0	1	NA	0	0	1	0	0	0	0	0	1	0	0	1	0	0	0	0	0	NA	1	0	0	0	1	0	0	0	0	NA	0	997
chr36_320527_321922.meth	chr36_320527_321922	-0.2236610307937	0.108030579063262	-2.07034927270663	0.0471219816258147	0.33546008347194	30	NA	NA	34	0.011182002782398	chr36	320527	321922	322235	0	2	0	0	0	0	0	0	0	0	0	0	1	0	0	0	0	0	1	1	0	1	0	0	0	0	0	0	1	1	NA	0	1	0	0	0	0	0	0	0	1	0	0	0	1	0	0	1	NA	0	0	1	0	0	1	0	0	0	0	0	1708
chr17_5223895.meth	chr17_5223895	-0.962050446698671	0.353336858277156	-2.72275712018711	0.0106818055155231	7.5427588356338	30	NA	NA	33	0.251425294521127	chr17	5223895	NA	5223623	0	0	0	0	1	0	0	0	0	0	0	0	0	0	0	1	1	0	0	1	0	1	0	1	0	1	1	0	0	0	NA	0	0	0	0	0	1	1	0	0	0	0	1	0	0	0	0	0	NA	0	NA	0	0	1	0	0	0	1	0	0	-272
chr04A_4529663.meth	chr04A_4529663	-0.181582268969901	0.0709998592799372	-2.55750181495376	0.0153234154883055	0.567449557788117	33	NA	NA	37	0.0171954411450945	chr04A	4529663	NA	4529711	1	0	2	2	1	2	1	1	0	1	0	1	1	0	1	0	0	1	0	1	0	1	0	2	1	0	0	0	1	1	0	0	2	1	1	0	1	0	2	0	1	0	0	0	0	1	0	1	0	2	1	0	1	0	0	0	1	0	1	1	48
chr05_58306125_58309583.meth	chr05_58306125_58309583	-0.346894086702894	0.120348572755371	-2.88241130543371	0.00722823443999017	0.59314702011667	30	NA	NA	34	0.0197715673372223	chr05	58306125	58309583	58307747	0	0	0	0	0	0	0	0	0	1	0	1	0	0	0	0	0	0	0	1	1	0	0	0	1	0	0	1	0	1	NA	0	0	1	0	0	0	0	0	0	1	0	0	0	0	1	1	0	NA	0	NA	1	0	0	0	0	0	0	0	1	1622
chr26_3560726.meth	chr26_3560726	-0.417057242511488	0.182493367720116	-2.28532821615258	0.0300695999547314	2.12409297390571	28	NA	NA	32	0.0758604633537754	chr26	3560726	NA	3560678	0	1	0	0	1	1	0	1	0	0	1	0	0	0	1	1	1	1	2	1	1	1	1	0	0	0	0	2	1	1	NA	0	1	0	0	1	1	1	1	1	0	0	0	NA	0	1	1	1	1	NA	0	2	0	0	1	1	1	0	0	1	-48
chr21_5768267.meth	chr21_5768267	0.199811911931109	0.0929033812338749	2.15074962049124	0.0427418488220851	0.574990680929889	22	NA	NA	26	0.0261359400422677	chr21	5768267	NA	5768530	1	0	0	2	1	1	2	0	1	0	0	1	0	0	0	0	1	1	0	1	0	0	0	2	0	2	1	1	0	1	NA	0	1	1	0	2	0	0	0	0	0	0	1	NA	1	0	1	1	2	0	2	2	0	0	1	0	1	0	1	0	263
chr05_569111.meth	chr05_569111	-0.438167208187011	0.103702676338896	-4.22522565141039	0.000216361882574732	0.880188539321316	29	NA	NA	32	0.0303513289421144	chr05	569111	NA	568844	2	1	2	1	1	2	1	1	0	0	0	2	1	2	0	2	2	NA	1	0	1	1	0	1	1	1	0	0	0	0	1	0	1	2	1	1	0	0	1	1	NA	1	1	0	1	1	2	1	1	1	1	1	NA	1	1	1	1	0	1	0	-267
chr19_367551.meth	chr19_367551	0.291578685542039	0.122163796805354	2.38678473628826	0.0235032112922028	0.731821549198134	30	NA	NA	33	0.0243940516399378	chr19	367551	NA	369711	0	0	0	2	1	0	1	0	0	1	0	0	0	0	0	1	1	1	0	0	1	0	0	1	0	1	0	0	0	0	NA	0	1	0	0	0	0	0	0	1	NA	0	2	0	0	1	2	0	NA	0	0	0	1	1	1	0	1	1	1	1	2160
chr06_15532744.meth	chr06_15532744	0.270717117881214	0.130321213799388	2.07730660257621	0.0486431861757693	0.693083775412474	24	NA	NA	28	0.0288784906421864	chr06	15532744	NA	15532721	1	2	NA	2	2	2	1	2	2	2	2	2	2	2	1	2	1	2	NA	1	2	1	2	2	2	2	2	2	2	1	NA	2	1	2	2	2	2	0	1	2	2	2	1	2	2	2	2	1	2	2	2	2	2	1	2	2	1	2	2	2	-23
chr26_5993216.meth	chr26_5993216	0.279280884690566	0.102619666116233	2.72151425998831	0.0108750188588228	0.486766956118896	29	NA	NA	33	0.0167850674523757	chr26	5993216	NA	5993580	1	1	0	1	1	1	0	1	1	0	1	1	1	1	1	1	1	1	0	NA	1	1	1	0	1	1	0	1	0	NA	0	1	1	1	1	0	1	0	1	0	NA	0	1	0	1	0	0	1	1	0	1	0	0	0	0	1	1	0	0	1	364
chr26_6703071_6703367.meth	chr26_6703071_6703367	-0.149726170907872	0.0684768310344563	-2.18652307132222	0.0367121259837621	0.402441568545851	30	NA	NA	34	0.0134147189515284	chr26	6703071	6703367	6702918	1	1	0	1	0	1	1	1	2	1	1	0	0	0	2	1	1	1	NA	1	0	2	1	1	0	1	1	1	1	0	NA	1	0	0	0	1	1	1	0	1	0	0	2	1	0	2	0	1	1	0	0	0	0	0	0	NA	2	0	0	0	-153
chr27_707169_707545.meth	chr27_707169_707545	-0.393209721768583	0.149749609992658	-2.62578127440774	0.0133083147143125	1.64441059201177	31	NA	NA	35	0.0530455029681216	chr27	707169	707545	707379	1	2	2	2	2	2	2	2	2	1	1	1	2	2	2	2	2	1	2	2	1	2	1	1	1	1	1	2	1	2	NA	2	2	1	0	2	1	1	2	2	2	1	2	2	2	1	2	1	2	1	2	2	2	2	2	0	1	1	2	2	210
chr17_1007353.meth	chr17_1007353	-1.09497259160732	0.224591820798416	-4.87538944078521	3.89923455296534e-05	0.974918007153544	28	NA	NA	32	0.0348185002554837	chr17	1007353	NA	1007258	2	2	2	1	2	2	2	2	2	1	2	2	1	2	2	2	2	2	2	1	2	2	2	2	2	2	2	2	2	1	NA	NA	2	2	2	2	2	2	2	0	NA	2	2	NA	2	2	2	1	2	2	1	1	2	1	2	NA	2	2	2	1	-95
chr24_5576579_5576993.meth	chr24_5576579_5576993	-0.179525745189938	0.0698709268442841	-2.56939120887909	0.0162730715247648	0.454056274270624	26	NA	NA	30	0.0174637028565625	chr24	5576579	5576993	5576802	0	1	1	0	1	1	1	0	NA	2	2	0	1	NA	2	2	1	2	NA	2	1	0	2	0	1	1	1	0	0	0	NA	1	2	2	1	2	2	1	1	1	NA	0	2	2	1	2	NA	1	NA	2	2	2	1	2	2	NA	1	1	1	NA	223
chr26_4023231.meth	chr26_4023231	0.312588691077227	0.112266902466587	2.78433522444658	0.00893213153638765	1.03795070701207	32	NA	NA	35	0.0324359595941272	chr26	4023231	NA	4023973	1	1	1	0	1	1	1	0	0	1	0	1	0	0	1	0	0	0	1	0	0	0	0	1	1	1	2	1	0	0	0	0	2	1	0	0	1	1	0	0	NA	1	0	0	0	1	0	1	0	0	0	NA	1	1	1	0	0	0	0	2	742
chr17_7474582.meth	chr17_7474582	0.385143919018638	0.179034355694283	2.15122911759073	0.0399223302200501	1.25254699194137	29	NA	NA	33	0.0431912755841851	chr17	7474582	NA	7474655	1	1	0	0	1	0	0	0	0	0	0	0	1	0	1	0	1	2	0	1	0	1	0	0	1	1	0	0	0	0	NA	1	0	1	1	0	0	0	0	0	NA	1	0	0	0	1	1	0	0	1	1	2	1	2	0	1	0	1	0	2	73
chr14_15408432.meth	chr14_15408432	0.306272573105981	0.109007724273493	2.80964101532443	0.00864667376985122	0.793217218347723	30	NA	NA	34	0.0264405739449241	chr14	15408432	NA	15408622	1	1	2	1	1	1	1	2	1	1	1	2	1	2	0	2	1	2	2	2	2	2	2	2	2	2	2	1	2	2	NA	2	1	2	2	2	2	2	2	1	2	1	2	NA	2	0	2	2	0	2	2	2	1	2	1	0	2	1	2	2	190
chr01A_65883690.meth	chr01A_65883690	0.569412869622059	0.221338583442803	2.57258748459102	0.0152854152959419	2.17781091513219	30	NA	NA	34	0.072593697171073	chr01A	65883690	NA	65883626	2	2	1	1	0	1	1	1	1	1	1	2	2	1	0	0	2	2	1	2	1	2	2	2	2	2	1	2	1	NA	2	1	1	1	2	1	1	1	2	2	1	2	1	NA	1	1	2	0	2	2	0	1	1	0	1	2	2	2	2	1	-64
chr01A_1988394.meth	chr01A_1988394	0.453799612129881	0.141782991737427	3.20066325705899	0.00331282472606294	1.19213771478649	29	NA	NA	33	0.041108197061603	chr01A	1988394	NA	1988377	1	1	0	0	0	0	0	0	0	0	0	0	2	1	1	0	0	1	NA	0	0	0	0	0	1	1	0	0	0	0	NA	1	0	1	0	0	2	1	0	0	0	0	0	0	0	0	0	0	0	0	0	0	0	0	0	0	0	0	0	0	-17
chr23_47850.meth	chr23_47850	-0.268476439222792	0.121503431435046	-2.20962022267096	0.0349061257717087	0.800710250980579	30	NA	NA	33	0.0266903416993526	chr23	47850	NA	47304	0	0	0	0	0	1	0	0	0	0	0	0	2	0	0	1	0	0	NA	1	0	0	1	1	0	1	0	1	0	0	NA	0	0	0	0	0	1	0	0	0	NA	0	0	0	0	0	0	0	0	1	0	2	1	0	2	1	0	0	NA	0	-546
chr24_2575545.meth	chr24_2575545	0.420330178269482	0.163196878198262	2.57560183080732	0.016043236405244	1.50980681226611	26	NA	NA	30	0.0580694927794659	chr24	2575545	NA	2575560	1	0	2	2	1	0	1	0	2	1	1	1	0	NA	1	1	1	1	NA	2	1	2	0	1	0	0	1	1	1	1	NA	0	0	1	1	0	NA	2	2	2	2	1	2	2	1	0	0	1	1	1	2	0	0	2	1	0	2	1	NA	2	15
chr23_4440047.meth	chr23_4440047	0.194245449041885	0.084367634628401	2.30236926633588	0.0277603407905828	0.525902337314851	33	NA	NA	36	0.0159364344640864	chr23	4440047	NA	4441106	1	0	0	0	0	1	0	1	0	0	0	0	0	1	0	0	0	1	1	0	0	0	0	0	0	0	2	0	0	0	0	0	0	0	0	0	0	0	0	0	2	0	0	NA	0	0	1	0	0	0	0	0	NA	0	0	0	0	0	1	0	1059
chr03_7063940.meth	chr03_7063940	0.185624717815147	0.0823056233823836	2.25531027148356	0.0318325722636582	0.555806309825368	29	NA	NA	32	0.0191657348215644	chr03	7063940	NA	7063927	2	1	2	0	0	2	1	1	2	2	2	0	2	0	1	1	1	2	1	2	0	1	1	1	1	2	1	2	0	1	NA	0	1	1	1	0	2	2	0	1	0	1	1	NA	2	0	0	NA	1	0	1	2	0	0	2	1	2	1	0	1	-13
chr22_3616871_3617156.meth	chr22_3616871_3617156	-0.260111834999648	0.109032089632876	-2.38564477554706	0.0235642156987795	0.626557404724854	30	NA	NA	33	0.0208852468241618	chr22	3616871	3617156	3616429	0	0	0	1	2	0	0	0	0	0	0	0	0	0	0	0	1	0	NA	0	0	0	0	1	1	1	0	0	2	0	NA	1	0	0	0	0	1	0	0	0	0	0	0	NA	0	0	0	0	0	0	0	0	0	0	0	0	1	1	0	0	-442
chr06_26885552_26886002.meth	chr06_26885552_26886002	-0.268623039550603	0.0839744426306693	-3.19886659721033	0.00341490743412772	0.560668776306983	28	NA	NA	31	0.0200238848681065	chr06	26885552	26886002	26885825	0	0	0	0	0	0	1	1	0	0	0	1	1	1	0	NA	NA	0	NA	1	0	0	0	0	0	0	0	0	1	1	NA	0	0	1	1	0	1	0	0	1	NA	1	0	2	2	0	1	0	0	0	1	1	0	0	0	NA	1	0	0	0	273
chr24_4232331.meth	chr24_4232331	-0.489219847602432	0.167636434746248	-2.91833841696149	0.00661167789514537	0.774817216554265	30	NA	NA	33	0.0258272405518088	chr24	4232331	NA	4232151	1	0	0	1	1	0	0	0	1	0	1	1	1	0	1	0	0	0	1	1	0	0	0	0	0	0	0	0	0	0	NA	0	0	0	0	NA	1	0	0	0	0	0	0	0	0	0	0	1	0	0	0	0	0	0	0	1	0	0	1	0	-180
chr03_111410508.meth	chr03_111410508	0.523493485900107	0.192339676684466	2.72171345467581	0.0104194007009103	2.03038912916764	32	NA	NA	35	0.0634496602864886	chr03	111410508	NA	111408606	2	2	2	1	2	0	1	2	1	2	1	2	2	2	0	2	2	2	2	2	0	1	2	2	2	2	2	2	1	2	1	1	1	2	2	2	2	2	2	0	2	1	2	NA	1	1	2	2	2	2	2	2	2	2	1	2	2	2	2	2	-1902
chr02_155043026_155045026.meth	chr02_155043026_155045026	0.238739125591114	0.100266354388285	2.38104922680832	0.0233835494605644	0.908655652575062	32	NA	NA	35	0.0283954891429707	chr02	155043026	155045026	155043654	0	1	0	0	0	1	1	0	0	0	0	1	1	0	0	0	0	0	0	0	1	1	1	2	0	0	0	0	1	0	0	1	2	0	1	0	0	0	1	1	2	1	0	NA	1	0	0	0	0	2	0	0	0	1	0	0	0	1	0	0	628
chr14_1496320.meth	chr14_1496320	-0.234343779332514	0.111134724441845	-2.10864588461855	0.0443933533724097	1.38871429457056	27	NA	NA	31	0.0514338627618727	chr14	1496320	NA	1496285	1	2	0	1	2	2	2	0	2	2	0	1	0	NA	1	2	1	2	2	0	2	2	2	0	2	2	0	2	2	1	NA	1	1	NA	1	1	1	0	2	1	NA	2	2	2	2	2	2	2	NA	2	0	0	0	2	2	2	0	2	2	2	-35
