UponCompletionOf_200000_sweeps
LocNumber LocName AlleleNumber AlleleName FreqInPop0 FreqInPop1 SDInPop0 SDinPop1
0	chr01A_44245976	0	110	0.393382	0.642759	0.438201	0.437450
0	chr01A_44245976	1	100	0.606618	0.357241	0.438201	0.437450
1	chr01A_44392124	0	100	0.423047	0.459559	0.407047	0.407737
1	chr01A_44392124	1	110	0.576953	0.540441	0.407047	0.407737
2	chr01A_45766189	0	100	0.343805	0.662793	0.433116	0.432927
2	chr01A_45766189	1	110	0.656195	0.337207	0.433116	0.432927
3	chr01A_45985083	0	100	0.582264	0.585773	0.369660	0.369968
3	chr01A_45985083	1	110	0.417736	0.414227	0.369660	0.369968
4	chr01A_45985175	0	100	0.172846	0.805896	0.327653	0.329945
4	chr01A_45985175	1	110	0.827154	0.194104	0.327653	0.329945
5	chr01A_45987888	0	100	0.433174	0.550056	0.459951	0.460521
5	chr01A_45987888	1	110	0.566826	0.449944	0.459951	0.460521
6	chr01A_45988178	0	100	0.481851	0.476965	0.325958	0.325684
6	chr01A_45988178	1	110	0.518149	0.523035	0.325958	0.325684
7	chr01A_45988186	0	100	0.364879	0.641779	0.437479	0.437193
7	chr01A_45988186	1	110	0.635121	0.358221	0.437479	0.437193
8	chr01A_45988274	0	100	0.657289	0.342592	0.437630	0.437971
8	chr01A_45988274	1	110	0.342711	0.657408	0.437630	0.437971
9	chr01A_45988328	0	100	0.362123	0.599243	0.440885	0.441841
9	chr01A_45988328	1	110	0.637877	0.400757	0.440885	0.441841
10	chr01A_45988665	0	100	0.512789	0.484237	0.423079	0.423294
10	chr01A_45988665	1	110	0.487211	0.515763	0.423079	0.423294
11	chr01A_45990033	0	100	0.694548	0.330170	0.423012	0.424297
11	chr01A_45990033	1	110	0.305452	0.669830	0.423012	0.424297
12	chr01A_45990549	0	100	0.511874	0.525796	0.457717	0.457673
12	chr01A_45990549	1	110	0.488126	0.474204	0.457717	0.457673
13	chr01A_45992384	0	100	0.591111	0.457275	0.422037	0.421979
13	chr01A_45992384	1	110	0.408889	0.542725	0.422037	0.421979
14	chr01A_45993920	0	100	0.387554	0.642798	0.442373	0.442028
14	chr01A_45993920	1	110	0.612446	0.357202	0.442373	0.442028
15	chr01A_45995093	0	100	0.409536	0.631599	0.436742	0.435853
15	chr01A_45995093	1	110	0.590464	0.368401	0.436742	0.435853
16	chr01A_45995941	0	100	0.500685	0.598403	0.383146	0.383170
16	chr01A_45995941	1	110	0.499315	0.401597	0.383146	0.383170
17	chr01A_45996363	0	100	0.543189	0.552037	0.416011	0.416108
17	chr01A_45996363	1	110	0.456811	0.447963	0.416011	0.416108
18	chr01A_45996479	0	100	0.624812	0.460019	0.411186	0.411551
18	chr01A_45996479	1	110	0.375188	0.539981	0.411186	0.411551
19	chr01A_45997065	0	100	0.521829	0.580128	0.420914	0.421470
19	chr01A_45997065	1	110	0.478171	0.419872	0.420914	0.421470
20	chr01A_46253983	0	100	0.311407	0.695535	0.419676	0.418798
20	chr01A_46253983	1	110	0.688593	0.304465	0.419676	0.418798
21	chr01A_46260468	0	100	0.416606	0.373495	0.351440	0.350108
21	chr01A_46260468	1	110	0.583394	0.626505	0.351440	0.350108
22	chr01A_46261289	0	100	0.412501	0.587768	0.456998	0.456806
22	chr01A_46261289	1	110	0.587499	0.412232	0.456998	0.456806
23	chr01A_46275547	0	100	0.661063	0.648191	0.297685	0.298319
23	chr01A_46275547	1	110	0.338937	0.351809	0.297685	0.298319
24	chr01A_46275548	0	100	0.524294	0.543306	0.445857	0.445748
24	chr01A_46275548	1	110	0.475706	0.456694	0.445857	0.445748
25	chr01A_46275549	0	100	0.532433	0.533874	0.427778	0.426874
25	chr01A_46275549	1	110	0.467567	0.466126	0.427778	0.426874
26	chr01A_46275550	0	100	0.546210	0.537133	0.405887	0.405382
26	chr01A_46275550	1	110	0.453790	0.462867	0.405887	0.405382
27	chr01A_46275551	0	100	0.308496	0.738832	0.400648	0.398365
27	chr01A_46275551	1	110	0.691504	0.261168	0.400648	0.398365
28	chr01A_46275588	0	100	0.604831	0.424174	0.445610	0.445697
28	chr01A_46275588	1	110	0.395169	0.575826	0.445610	0.445697
29	chr01A_46275776	0	100	0.524593	0.486612	0.463760	0.464211
29	chr01A_46275776	1	110	0.475407	0.513388	0.463760	0.464211
30	chr01A_46276087	0	100	0.547745	0.633017	0.361826	0.360718
30	chr01A_46276087	1	110	0.452255	0.366983	0.361826	0.360718
31	chr01A_46278498	0	100	0.566707	0.425855	0.453426	0.453495
31	chr01A_46278498	1	110	0.433293	0.574145	0.453426	0.453495
32	chr01A_46278659	0	100	0.397937	0.658948	0.405222	0.404903
32	chr01A_46278659	1	110	0.602063	0.341052	0.405222	0.404903
33	chr01A_46278696	0	100	0.205395	0.794708	0.360199	0.360301
33	chr01A_46278696	1	110	0.794605	0.205292	0.360199	0.360301
34	chr01A_46279518	0	100	0.607976	0.440111	0.417546	0.417926
34	chr01A_46279518	1	110	0.392024	0.559889	0.417546	0.417926
35	chr01A_46279519	0	100	0.532998	0.509024	0.333051	0.332497
35	chr01A_46279519	1	110	0.467002	0.490976	0.333051	0.332497
36	chr01A_46279526	0	100	0.558684	0.585419	0.375779	0.375872
36	chr01A_46279526	1	110	0.441316	0.414581	0.375779	0.375872
37	chr01A_46291512	0	100	0.700319	0.283105	0.414193	0.413406
37	chr01A_46291512	1	110	0.299681	0.716895	0.414193	0.413406
38	chr01A_46291515	0	100	0.277867	0.727680	0.407638	0.407578
38	chr01A_46291515	1	110	0.722133	0.272320	0.407638	0.407578
39	chr01A_46293190	0	100	0.590373	0.414658	0.456752	0.457042
39	chr01A_46293190	1	110	0.409627	0.585342	0.456752	0.457042
40	chr01A_46293575	0	100	0.765567	0.215132	0.369773	0.368176
40	chr01A_46293575	1	110	0.234433	0.784868	0.369773	0.368176
41	chr01A_46293604	0	100	0.461446	0.505822	0.448575	0.448633
41	chr01A_46293604	1	110	0.538554	0.494178	0.448575	0.448633
42	chr01A_46294373	0	100	0.339878	0.659973	0.437438	0.437383
42	chr01A_46294373	1	110	0.660122	0.340027	0.437438	0.437383
43	chr01A_46297791	0	100	0.641878	0.414058	0.432655	0.433858
43	chr01A_46297791	1	110	0.358122	0.585942	0.432655	0.433858
44	chr01A_46297793	0	100	0.546764	0.460662	0.456984	0.457025
44	chr01A_46297793	1	110	0.453236	0.539338	0.456984	0.457025
45	chr01A_46300738	0	100	0.536331	0.451584	0.422538	0.422911
45	chr01A_46300738	1	110	0.463669	0.548416	0.422538	0.422911
46	chr01A_46301788	0	100	0.596478	0.332286	0.425040	0.422984
46	chr01A_46301788	1	110	0.403522	0.667714	0.425040	0.422984
47	chr01A_46308614	0	110	0.591321	0.580172	0.342486	0.342621
47	chr01A_46308614	1	100	0.408679	0.419828	0.342486	0.342621
48	chr01A_46308674	0	100	0.278262	0.656722	0.403176	0.406517
48	chr01A_46308674	1	110	0.721738	0.343278	0.403176	0.406517
49	chr01A_46309403	0	100	0.307136	0.682703	0.425249	0.425571
49	chr01A_46309403	1	110	0.692864	0.317297	0.425249	0.425571
50	chr01A_46321928	0	100	0.510476	0.472386	0.463149	0.463214
50	chr01A_46321928	1	110	0.489524	0.527614	0.463149	0.463214
51	chr01A_46321992	0	100	0.564086	0.446656	0.460849	0.460648
51	chr01A_46321992	1	110	0.435914	0.553344	0.460849	0.460648
52	chr01A_46326705	0	100	0.323644	0.688485	0.424182	0.423894
52	chr01A_46326705	1	110	0.676356	0.311515	0.424182	0.423894
53	chr01A_46330436	0	100	0.741072	0.221047	0.377386	0.374904
53	chr01A_46330436	1	110	0.258928	0.778953	0.377386	0.374904
54	chr01A_46334987	0	100	0.387176	0.623386	0.449300	0.449161
54	chr01A_46334987	1	110	0.612824	0.376614	0.449300	0.449161
55	chr01A_46342028	0	100	0.710862	0.277870	0.410681	0.410422
55	chr01A_46342028	1	110	0.289138	0.722130	0.410681	0.410422
56	chr01A_46342029	0	100	0.284686	0.704122	0.414387	0.414788
56	chr01A_46342029	1	110	0.715314	0.295878	0.414387	0.414788
57	chr01A_46345029	0	100	0.477282	0.631488	0.412621	0.410504
57	chr01A_46345029	1	110	0.522718	0.368512	0.412621	0.410504
58	chr01A_46356792	0	100	0.552942	0.552383	0.412837	0.412530
58	chr01A_46356792	1	110	0.447058	0.447617	0.412837	0.412530
59	chr01A_46379500	0	100	0.426662	0.573120	0.459133	0.459363
59	chr01A_46379500	1	110	0.573338	0.426880	0.459133	0.459363
60	chr01A_46385034	0	100	0.580187	0.405023	0.450899	0.450760
60	chr01A_46385034	1	110	0.419813	0.594977	0.450899	0.450760
61	chr01A_46386149	0	100	0.558239	0.537377	0.415605	0.415697
61	chr01A_46386149	1	110	0.441761	0.462623	0.415605	0.415697
62	chr01A_46387642	0	100	0.347774	0.668995	0.435155	0.434534
62	chr01A_46387642	1	110	0.652226	0.331005	0.435155	0.434534
63	chr01A_46394408	0	100	0.520526	0.519631	0.455777	0.456336
63	chr01A_46394408	1	110	0.479474	0.480369	0.455777	0.456336
64	chr01A_46394430	0	100	0.490461	0.515201	0.463552	0.464006
64	chr01A_46394430	1	110	0.509539	0.484799	0.463552	0.464006
65	chr01A_46395563	0	100	0.617276	0.376230	0.445917	0.445605
65	chr01A_46395563	1	110	0.382724	0.623770	0.445917	0.445605
66	chr01A_46395766	0	110	0.468787	0.497752	0.448658	0.449234
66	chr01A_46395766	1	100	0.531213	0.502248	0.448658	0.449234
67	chr01A_46406336	0	100	0.397009	0.526618	0.382124	0.382298
67	chr01A_46406336	1	110	0.602991	0.473382	0.382124	0.382298
68	chr01A_46407216	0	100	0.306458	0.693716	0.422509	0.422843
68	chr01A_46407216	1	110	0.693542	0.306284	0.422509	0.422843
69	chr01A_46407593	0	100	0.479575	0.489607	0.419243	0.419648
69	chr01A_46407593	1	110	0.520425	0.510393	0.419243	0.419648
70	chr01A_46413016	0	100	0.497322	0.635141	0.374052	0.373391
70	chr01A_46413016	1	110	0.502678	0.364859	0.374052	0.373391
71	chr03_56473808	0	100	0.439829	0.473578	0.408943	0.408992
71	chr03_56473808	1	110	0.560171	0.526422	0.408943	0.408992
72	chr03_56476248	0	110	0.440525	0.625476	0.414148	0.413003
72	chr03_56476248	1	100	0.559475	0.374524	0.414148	0.413003
73	chr03_56476317	0	100	0.223054	0.730396	0.374941	0.378357
73	chr03_56476317	1	110	0.776946	0.269604	0.374941	0.378357
74	chr03_56551378	0	100	0.482136	0.408612	0.383093	0.382898
74	chr03_56551378	1	110	0.517864	0.591388	0.383093	0.382898
75	chr03_108490142	0	100	0.536474	0.473555	0.440507	0.440795
75	chr03_108490142	1	110	0.463526	0.526445	0.440507	0.440795
76	chr11_21391783	0	100	0.668628	0.664829	0.288110	0.288069
76	chr11_21391783	1	110	0.331372	0.335171	0.288110	0.288069
77	chr13_2433142	0	100	0.594295	0.472011	0.419180	0.419497
77	chr13_2433142	1	110	0.405705	0.527989	0.419180	0.419497
