UponCompletionOf_200000_sweeps
LocNumber LocName AlleleNumber AlleleName FreqInPop0 FreqInPop1 SDInPop0 SDinPop1
0	chr01A_3015367	0	110	0.942142	0.012722	0.033591	0.017350
0	chr01A_3015367	1	100	0.057858	0.987278	0.033591	0.017350
1	chr01A_3015375	0	110	0.862379	0.017250	0.046422	0.022919
1	chr01A_3015375	1	100	0.137621	0.982750	0.046422	0.022919
2	chr01A_3015376	0	110	0.887552	0.009125	0.049677	0.012664
2	chr01A_3015376	1	100	0.112448	0.990875	0.049677	0.012664
3	chr01A_3015397	0	110	0.922428	0.010017	0.042621	0.013727
3	chr01A_3015397	1	100	0.077572	0.989983	0.042621	0.013727
4	chr01A_3101053	0	110	0.987662	0.011134	0.016837	0.015214
4	chr01A_3101053	1	100	0.012338	0.988866	0.016837	0.015214
5	chr01A_3105730	0	110	0.979764	0.008886	0.025972	0.012301
5	chr01A_3105730	1	100	0.020236	0.991114	0.025972	0.012301
6	chr01A_3106144	0	110	0.748580	0.011751	0.066775	0.016210
6	chr01A_3106144	1	100	0.251420	0.988249	0.066775	0.016210
7	chr01A_3106146	0	100	0.113278	0.985693	0.046734	0.019426
7	chr01A_3106146	1	110	0.886722	0.014307	0.046734	0.019426
8	chr01A_3106242	0	110	0.937224	0.018729	0.031444	0.024337
8	chr01A_3106242	1	100	0.062776	0.981271	0.031444	0.024337
9	chr01A_3127152	0	110	0.871229	0.013006	0.046989	0.017641
9	chr01A_3127152	1	100	0.128771	0.986994	0.046989	0.017641
10	chr01A_3128823	0	100	0.186706	0.988076	0.061879	0.016403
10	chr01A_3128823	1	110	0.813294	0.011924	0.061879	0.016403
11	chr01A_3130493	0	110	0.985855	0.011842	0.019057	0.016151
11	chr01A_3130493	1	100	0.014145	0.988158	0.019057	0.016151
12	chr01A_3130540	0	110	0.984727	0.011005	0.020583	0.015080
12	chr01A_3130540	1	100	0.015273	0.988995	0.020583	0.015080
13	chr01A_3134555	0	110	0.978514	0.010643	0.028019	0.014615
13	chr01A_3134555	1	100	0.021486	0.989357	0.028019	0.014615
14	chr01A_3137821	0	110	0.988297	0.012167	0.016023	0.016519
14	chr01A_3137821	1	100	0.011703	0.987833	0.016023	0.016519
15	chr01A_3137824	0	110	0.986975	0.011084	0.017649	0.015182
15	chr01A_3137824	1	100	0.013025	0.988916	0.017649	0.015182
16	chr01A_3140048	0	110	0.987033	0.010085	0.017566	0.013824
16	chr01A_3140048	1	100	0.012967	0.989915	0.017566	0.013824
17	chr01A_3140163	0	110	0.989473	0.013923	0.014472	0.018672
17	chr01A_3140163	1	100	0.010527	0.986077	0.014472	0.018672
18	chr01A_44210178	0	110	0.673070	0.010946	0.065870	0.015166
18	chr01A_44210178	1	100	0.326930	0.989054	0.065870	0.015166
19	chr01A_44219388	0	100	0.786553	0.013076	0.055313	0.017835
19	chr01A_44219388	1	110	0.213447	0.986924	0.055313	0.017835
20	chr01A_44262369	0	100	0.934799	0.046411	0.038045	0.035564
20	chr01A_44262369	1	110	0.065201	0.953589	0.038045	0.035564
21	chr01A_46301403	0	110	0.825593	0.014965	0.072367	0.020386
21	chr01A_46301403	1	100	0.174407	0.985035	0.072367	0.020386
22	chr01A_46309736	0	110	0.626432	0.018197	0.068517	0.024215
22	chr01A_46309736	1	100	0.373568	0.981803	0.068517	0.024215
23	chr01A_46339592	0	110	0.917125	0.009202	0.044715	0.012743
23	chr01A_46339592	1	100	0.082875	0.990798	0.044715	0.012743
24	chr01A_46345915	0	110	0.777565	0.011582	0.071485	0.016027
24	chr01A_46345915	1	100	0.222435	0.988418	0.071485	0.016027
25	chr01A_46395563	0	100	0.101304	0.985891	0.042165	0.019014
25	chr01A_46395563	1	110	0.898696	0.014109	0.042165	0.019014
26	chr02_86232260	0	110	0.983720	0.228093	0.021867	0.053047
26	chr02_86232260	1	100	0.016280	0.771907	0.021867	0.053047
27	chr03_92897221	0	110	0.939637	0.035286	0.034847	0.027309
27	chr03_92897221	1	100	0.060363	0.964714	0.034847	0.027309
28	chr03_108117879	0	110	0.983903	0.215694	0.021608	0.059315
28	chr03_108117879	1	100	0.016097	0.784306	0.021608	0.059315
29	chr03_108155481	0	110	0.987788	0.159663	0.016800	0.052261
29	chr03_108155481	1	100	0.012212	0.840337	0.016800	0.052261
30	chr04A_9152821	0	110	0.983036	0.229169	0.022412	0.054463
30	chr04A_9152821	1	100	0.016964	0.770831	0.022412	0.054463
31	chr05_53665306	0	110	0.986366	0.010858	0.018339	0.014814
31	chr05_53665306	1	100	0.013634	0.989142	0.018339	0.014814
32	chr05_53673073	0	110	0.988382	0.011807	0.015893	0.016109
32	chr05_53673073	1	100	0.011618	0.988193	0.015893	0.016109
33	chr05_53674337	0	110	0.986216	0.012526	0.018666	0.017037
33	chr05_53674337	1	100	0.013784	0.987474	0.018666	0.017037
34	chr05_53676296	0	110	0.988838	0.012623	0.015268	0.017100
34	chr05_53676296	1	100	0.011162	0.987377	0.015268	0.017100
35	chr05_53676311	0	110	0.985383	0.009911	0.019519	0.013589
35	chr05_53676311	1	100	0.014617	0.990089	0.019519	0.013589
36	chr05_53680085	0	110	0.986886	0.013979	0.017765	0.018813
36	chr05_53680085	1	100	0.013114	0.986021	0.017765	0.018813
37	chr05_53726082	0	110	0.988170	0.012156	0.016025	0.016543
37	chr05_53726082	1	100	0.011830	0.987844	0.016025	0.016543
38	chr05_53736018	0	110	0.988143	0.012030	0.016135	0.016294
38	chr05_53736018	1	100	0.011857	0.987970	0.016135	0.016294
39	chr05_53744513	0	110	0.989086	0.024817	0.014976	0.031933
39	chr05_53744513	1	100	0.010914	0.975183	0.014976	0.031933
40	chr05_53755713	0	110	0.985178	0.012177	0.019948	0.016526
40	chr05_53755713	1	100	0.014822	0.987823	0.019948	0.016526
41	chr05_53755721	0	110	0.983982	0.011992	0.021312	0.016399
41	chr05_53755721	1	100	0.016018	0.988008	0.021312	0.016399
42	chr05_53756519	0	110	0.989974	0.017881	0.013856	0.023545
42	chr05_53756519	1	100	0.010026	0.982119	0.013856	0.023545
43	chr05_53756534	0	110	0.983181	0.010121	0.022505	0.013921
43	chr05_53756534	1	100	0.016819	0.989879	0.022505	0.013921
44	chr05_53763043	0	110	0.989436	0.014150	0.014531	0.018997
44	chr05_53763043	1	100	0.010564	0.985850	0.014531	0.018997
45	chr05_53767254	0	110	0.989043	0.013296	0.015028	0.017981
45	chr05_53767254	1	100	0.010957	0.986704	0.015028	0.017981
46	chr05_53768020	0	110	0.988914	0.041481	0.015186	0.031090
46	chr05_53768020	1	100	0.011086	0.958519	0.015186	0.031090
47	chr05_53769355	0	110	0.986157	0.013348	0.018624	0.018013
47	chr05_53769355	1	100	0.013843	0.986652	0.018624	0.018013
48	chr05_53769552	0	110	0.990059	0.014951	0.013698	0.019891
48	chr05_53769552	1	100	0.009941	0.985049	0.013698	0.019891
49	chr05_53774342	0	110	0.987128	0.011537	0.017461	0.015729
49	chr05_53774342	1	100	0.012872	0.988463	0.017461	0.015729
50	chr05_53794294	0	110	0.991032	0.017611	0.012415	0.022985
50	chr05_53794294	1	100	0.008968	0.982389	0.012415	0.022985
51	chr05_53794376	0	110	0.987729	0.014797	0.016800	0.019761
51	chr05_53794376	1	100	0.012271	0.985203	0.016800	0.019761
52	chr05_53794413	0	110	0.984890	0.010563	0.020312	0.014560
52	chr05_53794413	1	100	0.015110	0.989437	0.020312	0.014560
53	chr05_53794548	0	110	0.989657	0.018380	0.014236	0.023958
53	chr05_53794548	1	100	0.010343	0.981620	0.014236	0.023958
54	chr05_53800793	0	110	0.988445	0.157986	0.015930	0.053855
54	chr05_53800793	1	100	0.011555	0.842014	0.015930	0.053855
55	chr05_53800804	0	110	0.983350	0.087482	0.022003	0.037455
55	chr05_53800804	1	100	0.016650	0.912518	0.022003	0.037455
56	chr05_53800972	0	110	0.989165	0.018273	0.014924	0.024035
56	chr05_53800972	1	100	0.010835	0.981727	0.014924	0.024035
57	chr05_53808339	0	110	0.980197	0.008831	0.025426	0.012266
57	chr05_53808339	1	100	0.019803	0.991169	0.025426	0.012266
58	chr05_53814408	0	110	0.982181	0.009282	0.023297	0.012786
58	chr05_53814408	1	100	0.017819	0.990718	0.023297	0.012786
59	chr05_53814455	0	110	0.985854	0.011111	0.018915	0.015200
59	chr05_53814455	1	100	0.014146	0.988889	0.018915	0.015200
60	chr05_53822116	0	110	0.989004	0.013456	0.014997	0.018066
60	chr05_53822116	1	100	0.010996	0.986544	0.014997	0.018066
61	chr05_53880154	0	110	0.980717	0.015562	0.025376	0.020793
61	chr05_53880154	1	100	0.019283	0.984438	0.025376	0.020793
62	chr05_53880429	0	110	0.987664	0.016480	0.016827	0.021799
62	chr05_53880429	1	100	0.012336	0.983520	0.016827	0.021799
63	chr05_53882233	0	110	0.984184	0.010557	0.021078	0.014522
63	chr05_53882233	1	100	0.015816	0.989443	0.021078	0.014522
64	chr05_53889046	0	110	0.987435	0.011338	0.017060	0.015521
64	chr05_53889046	1	100	0.012565	0.988662	0.017060	0.015521
65	chr05_53889381	0	100	0.109193	0.987481	0.058424	0.017171
65	chr05_53889381	1	110	0.890807	0.012519	0.058424	0.017171
66	chr05_53898529	0	110	0.991060	0.021464	0.012488	0.027766
66	chr05_53898529	1	100	0.008940	0.978536	0.012488	0.027766
67	chr05_53938807	0	110	0.984961	0.012020	0.020213	0.016402
67	chr05_53938807	1	100	0.015039	0.987980	0.020213	0.016402
68	chr06_3474741	0	110	0.727817	0.070243	0.090080	0.041410
68	chr06_3474741	1	100	0.272183	0.929757	0.090080	0.041410
69	chr13_400078	0	110	0.876529	0.068822	0.046295	0.039161
69	chr13_400078	1	100	0.123471	0.931178	0.046295	0.039161
70	chr13_401538	0	110	0.855069	0.142311	0.059888	0.047028
70	chr13_401538	1	100	0.144931	0.857689	0.059888	0.047028
71	chr13_17867268	0	110	0.848372	0.010224	0.056969	0.014198
71	chr13_17867268	1	100	0.151628	0.989776	0.056969	0.014198
72	chr13_17901712	0	100	0.293267	0.979407	0.067029	0.027451
72	chr13_17901712	1	110	0.706733	0.020593	0.067029	0.027451
