UponCompletionOf_100000_sweeps
LocNumber LocName AlleleNumber AlleleName FreqInPop0 FreqInPop1 SDInPop0 SDinPop1
0	chr01A_3015367	0	110	0.684088	0.276634	0.061147	0.056856
0	chr01A_3015367	1	100	0.315912	0.723366	0.061147	0.056856
1	chr01A_3015375	0	110	0.684183	0.276880	0.060987	0.056765
1	chr01A_3015375	1	100	0.315817	0.723120	0.060987	0.056765
2	chr01A_3015376	0	110	0.683895	0.276448	0.060989	0.056700
2	chr01A_3015376	1	100	0.316105	0.723552	0.060989	0.056700
3	chr01A_3015397	0	110	0.682074	0.293099	0.061347	0.057542
3	chr01A_3015397	1	100	0.317926	0.706901	0.061347	0.057542
4	chr01A_3101053	0	110	0.754255	0.238939	0.058541	0.053285
4	chr01A_3101053	1	100	0.245745	0.761061	0.058541	0.053285
5	chr01A_3105730	0	110	0.843675	0.279833	0.048629	0.059300
5	chr01A_3105730	1	100	0.156325	0.720167	0.048629	0.059300
6	chr01A_3106144	0	100	0.227185	0.716144	0.055898	0.057746
6	chr01A_3106144	1	110	0.772815	0.283856	0.055898	0.057746
7	chr01A_3106146	0	100	0.227422	0.716142	0.056070	0.057688
7	chr01A_3106146	1	110	0.772578	0.283858	0.056070	0.057688
8	chr01A_3106242	0	110	0.813640	0.275032	0.050970	0.056766
8	chr01A_3106242	1	100	0.186360	0.724968	0.050970	0.056766
9	chr01A_3127152	0	100	0.220427	0.756717	0.054207	0.054569
9	chr01A_3127152	1	110	0.779573	0.243283	0.054207	0.054569
10	chr01A_3128823	0	110	0.625664	0.263860	0.067040	0.057275
10	chr01A_3128823	1	100	0.374336	0.736140	0.067040	0.057275
11	chr01A_3130493	0	110	0.826631	0.317580	0.052473	0.056951
11	chr01A_3130493	1	100	0.173369	0.682420	0.052473	0.056951
12	chr01A_3130540	0	110	0.748968	0.256705	0.057663	0.056592
12	chr01A_3130540	1	100	0.251032	0.743295	0.057663	0.056592
13	chr01A_3134555	0	110	0.837173	0.236151	0.052920	0.053414
13	chr01A_3134555	1	100	0.162827	0.763849	0.052920	0.053414
14	chr01A_3137821	0	110	0.763869	0.231096	0.056885	0.054331
14	chr01A_3137821	1	100	0.236131	0.768904	0.056885	0.054331
15	chr01A_3137824	0	110	0.764217	0.231131	0.056873	0.054369
15	chr01A_3137824	1	100	0.235783	0.768869	0.056873	0.054369
16	chr01A_3140048	0	110	0.840143	0.235271	0.049254	0.055055
16	chr01A_3140048	1	100	0.159857	0.764729	0.049254	0.055055
17	chr01A_3140163	0	110	0.783902	0.190008	0.052952	0.050417
17	chr01A_3140163	1	100	0.216098	0.809992	0.052952	0.050417
18	chr01A_44210178	0	100	0.281669	0.865813	0.058927	0.043635
18	chr01A_44210178	1	110	0.718331	0.134187	0.058927	0.043635
19	chr01A_44219388	0	100	0.766875	0.128603	0.053674	0.041979
19	chr01A_44219388	1	110	0.233125	0.871397	0.053674	0.041979
20	chr01A_44262369	0	100	0.861028	0.153235	0.045961	0.046178
20	chr01A_44262369	1	110	0.138972	0.846765	0.045961	0.046178
21	chr01A_46301403	0	110	0.681987	0.113720	0.063013	0.040023
21	chr01A_46301403	1	100	0.318013	0.886280	0.063013	0.040023
22	chr01A_46309736	0	110	0.640465	0.090228	0.062789	0.038317
22	chr01A_46309736	1	100	0.359535	0.909772	0.062789	0.038317
23	chr01A_46339592	0	110	0.595382	0.090812	0.063644	0.035454
23	chr01A_46339592	1	100	0.404618	0.909188	0.063644	0.035454
24	chr01A_46345915	0	100	0.402830	0.906271	0.066264	0.036448
24	chr01A_46345915	1	110	0.597170	0.093729	0.066264	0.036448
25	chr01A_46395563	0	110	0.790232	0.103125	0.051449	0.039505
25	chr01A_46395563	1	100	0.209768	0.896875	0.051449	0.039505
26	chr02_86232260	0	110	0.813836	0.286850	0.053025	0.056752
26	chr02_86232260	1	100	0.186164	0.713150	0.053025	0.056752
27	chr03_92897221	0	100	0.350085	0.812934	0.064970	0.049014
27	chr03_92897221	1	110	0.649915	0.187066	0.064970	0.049014
28	chr03_108117879	0	110	0.823460	0.220734	0.050406	0.051623
28	chr03_108117879	1	100	0.176540	0.779266	0.050406	0.051623
29	chr03_108155481	0	110	0.920114	0.313488	0.039813	0.056142
29	chr03_108155481	1	100	0.079886	0.686512	0.039813	0.056142
30	chr04A_9152821	0	110	0.803907	0.364813	0.052785	0.063550
30	chr04A_9152821	1	100	0.196093	0.635187	0.052785	0.063550
31	chr05_53665306	0	110	0.990337	0.008454	0.013457	0.011666
31	chr05_53665306	1	100	0.009663	0.991546	0.013457	0.011666
32	chr05_53673073	0	110	0.971857	0.008806	0.022879	0.012174
32	chr05_53673073	1	100	0.028143	0.991194	0.022879	0.012174
33	chr05_53674337	0	110	0.991012	0.009735	0.012440	0.013447
33	chr05_53674337	1	100	0.008988	0.990265	0.012440	0.013447
34	chr05_53676296	0	110	0.956231	0.026698	0.026501	0.021304
34	chr05_53676296	1	100	0.043769	0.973302	0.026501	0.021304
35	chr05_53676311	0	110	0.956110	0.026691	0.026666	0.021300
35	chr05_53676311	1	100	0.043890	0.973309	0.026666	0.021300
36	chr05_53680085	0	110	0.991153	0.009838	0.012322	0.013506
36	chr05_53680085	1	100	0.008847	0.990162	0.012322	0.013506
37	chr05_53726082	0	110	0.991052	0.008510	0.012429	0.011750
37	chr05_53726082	1	100	0.008948	0.991490	0.012429	0.011750
38	chr05_53736018	0	110	0.956038	0.009215	0.026679	0.012755
38	chr05_53736018	1	100	0.043962	0.990785	0.026679	0.012755
39	chr05_53744513	0	110	0.973252	0.009248	0.021776	0.012898
39	chr05_53744513	1	100	0.026748	0.990752	0.021776	0.012898
40	chr05_53755713	0	110	0.972925	0.008947	0.021355	0.012464
40	chr05_53755713	1	100	0.027075	0.991053	0.021355	0.012464
41	chr05_53755721	0	110	0.973790	0.009218	0.020805	0.012771
41	chr05_53755721	1	100	0.026210	0.990782	0.020805	0.012771
42	chr05_53756519	0	110	0.989661	0.008136	0.014242	0.011365
42	chr05_53756519	1	100	0.010339	0.991864	0.014242	0.011365
43	chr05_53756534	0	110	0.989317	0.007586	0.014623	0.010594
43	chr05_53756534	1	100	0.010683	0.992414	0.014623	0.010594
44	chr05_53763043	0	110	0.956348	0.009584	0.027009	0.013260
44	chr05_53763043	1	100	0.043652	0.990416	0.027009	0.013260
45	chr05_53767254	0	110	0.916305	0.025671	0.037042	0.020339
45	chr05_53767254	1	100	0.083695	0.974329	0.037042	0.020339
46	chr05_53768020	0	110	0.973893	0.028400	0.020746	0.022332
46	chr05_53768020	1	100	0.026107	0.971600	0.020746	0.022332
47	chr05_53769355	0	110	0.988498	0.008103	0.015701	0.011247
47	chr05_53769355	1	100	0.011502	0.991897	0.015701	0.011247
48	chr05_53769552	0	110	0.991381	0.009007	0.011968	0.012407
48	chr05_53769552	1	100	0.008619	0.990993	0.011968	0.012407
49	chr05_53774342	0	110	0.991024	0.008815	0.012428	0.012212
49	chr05_53774342	1	100	0.008976	0.991185	0.012428	0.012212
50	chr05_53794294	0	110	0.976050	0.056516	0.019104	0.031708
50	chr05_53794294	1	100	0.023950	0.943484	0.019104	0.031708
51	chr05_53794376	0	110	0.990298	0.023904	0.013444	0.019010
51	chr05_53794376	1	100	0.009702	0.976096	0.013444	0.019010
52	chr05_53794413	0	110	0.991079	0.008825	0.012417	0.012292
52	chr05_53794413	1	100	0.008921	0.991175	0.012417	0.012292
53	chr05_53794548	0	110	0.990818	0.044651	0.012734	0.026909
53	chr05_53794548	1	100	0.009182	0.955349	0.012734	0.026909
54	chr05_53800793	0	110	0.955339	0.027410	0.027599	0.021677
54	chr05_53800793	1	100	0.044661	0.972590	0.027599	0.021677
55	chr05_53800804	0	110	0.953981	0.026319	0.028211	0.020817
55	chr05_53800804	1	100	0.046019	0.973681	0.028211	0.020817
56	chr05_53800972	0	110	0.991261	0.009511	0.012145	0.013166
56	chr05_53800972	1	100	0.008739	0.990489	0.012145	0.013166
57	chr05_53808339	0	110	0.990948	0.008608	0.012664	0.011966
57	chr05_53808339	1	100	0.009052	0.991392	0.012664	0.011966
58	chr05_53814408	0	110	0.990230	0.008782	0.013564	0.012222
58	chr05_53814408	1	100	0.009770	0.991218	0.013564	0.012222
59	chr05_53814455	0	110	0.991611	0.010139	0.011704	0.013983
59	chr05_53814455	1	100	0.008389	0.989861	0.011704	0.013983
60	chr05_53822116	0	110	0.990177	0.027264	0.013404	0.021603
60	chr05_53822116	1	100	0.009823	0.972736	0.013404	0.021603
61	chr05_53880154	0	110	0.990479	0.009742	0.013327	0.013465
61	chr05_53880154	1	100	0.009521	0.990258	0.013327	0.013465
62	chr05_53880429	0	110	0.954946	0.009228	0.027449	0.012747
62	chr05_53880429	1	100	0.045054	0.990772	0.027449	0.012747
63	chr05_53882233	0	110	0.990656	0.008685	0.012952	0.012109
63	chr05_53882233	1	100	0.009344	0.991315	0.012952	0.012109
64	chr05_53889046	0	110	0.991403	0.009533	0.012033	0.013153
64	chr05_53889046	1	100	0.008597	0.990467	0.012033	0.013153
65	chr05_53889381	0	110	0.970734	0.008921	0.023312	0.012324
65	chr05_53889381	1	100	0.029266	0.991079	0.023312	0.012324
66	chr05_53898529	0	110	0.955988	0.043839	0.027354	0.026703
66	chr05_53898529	1	100	0.044012	0.956161	0.027354	0.026703
67	chr05_53938807	0	110	0.951298	0.008461	0.029351	0.011759
67	chr05_53938807	1	100	0.048702	0.991539	0.029351	0.011759
68	chr06_3474741	0	110	0.610574	0.075945	0.068865	0.033830
68	chr06_3474741	1	100	0.389426	0.924055	0.068865	0.033830
69	chr13_400078	0	110	0.757988	0.251491	0.056106	0.054539
69	chr13_400078	1	100	0.242012	0.748509	0.056106	0.054539
70	chr13_401538	0	110	0.793424	0.261812	0.052763	0.054764
70	chr13_401538	1	100	0.206576	0.738188	0.052763	0.054764
71	chr13_17867268	0	110	0.678240	0.174372	0.062395	0.047205
71	chr13_17867268	1	100	0.321760	0.825628	0.062395	0.047205
72	chr13_17901712	0	110	0.738767	0.192457	0.058660	0.049691
72	chr13_17901712	1	100	0.261233	0.807543	0.058660	0.049691
