Sample	Bismark_mqc-generalstats-bismark-percent_cpg_meth	Bismark_mqc-generalstats-bismark-percent_chg_meth	Bismark_mqc-generalstats-bismark-percent_chh_meth	Bismark_mqc-generalstats-bismark-total_c	Bismark_mqc-generalstats-bismark-aligned_reads	Bismark_mqc-generalstats-bismark-percent_aligned
CH_18_R_18CH024_BL_ADL_M__SRR17643018__R1__d26a809a141ff3606bbb012b518a4454_val_1	36.9	0.7	0.5	687387707.0	18271283.0	65.53220934775892
CH_18_R_18CH081_BL_ADL_M__SRR17643017__R1__4a1dc631af59269ba7ecf92fe45ea120_val_1	35.4	0.7	0.5	666393960.0	16907191.0	69.5095792179272
CH_19_R_19CH005_BL_ADL_M__SRR17643013__R1__089f55eeb1d28767c339c9405a50484e_val_1	36.4	0.7	0.5	750095953.0	19242355.0	64.95656578184193
CH_19_R_19CH008_BL_ADL_F__SRR17643012__R1__0337ff931531a685c552893ce7dd505e_val_1	39.9	0.7	0.5	644565201.0	15810863.0	66.13847871814646
CH_19_R_19CH091_BL_ADL_M__SRR17643068__R1__ba4871885bba09ec9a877673464579c2_val_1	36.5	0.7	0.5	723354648.0	18162968.0	69.39968346535778
CH_20_R_20CH003_BL_ADL_M__SRR17643263__R1__8263d5d14b3f18e5c67a31f86d888009_val_1	36.6	0.7	0.5	787918886.0	19339744.0	70.94940660711337
CH_20_R_20CH005_BL_ADL_M__SRR17643261__R1__d2a2e1de2d795b161b9cc2903f906a6f_val_1	37.1	0.7	0.5	716864053.0	18533055.0	68.44876060577766
CH_20_R_20CH006_BL_ADL_F__SRR17643260__R1__2f326fc8ddda2bf08fd65dd1c1c5f780_val_1	40.4	0.7	0.5	800028139.0	19507241.0	68.53403893677465
CN_14_G_1086_BL_ADL_M__SRR17643275__R1__1969570b6fc708c33cad733317ff37d0_val_1	35.5	0.7	0.5	627352533.0	17301254.0	71.37039080212071
CN_14_G_1089_BL_ADL_M__SRR17643274__R1__898d298f3bc6bc2850d9d6b58412ab6c_val_1	38.3	0.7	0.5	425326632.0	11381800.0	69.23785195614056
CN_14_G_1093_BL_ADL_M__SRR17643022__R1__45a284e228130f86ed96a1cb4cc54d18_val_1	37.2	0.7	0.5	783180420.0	21378243.0	70.6864472726858
CN_14_G_1094_BL_ADL_F__SRR17643069__R1__3fbf3afa698261550ee064fdeee00583_val_1	37.4	0.7	0.5	687266937.0	18243765.0	69.51659812083287
CN_14_G_1097_BL_ADL_F__SRR17643058__R1__ff85361ffa15b071c572410bf31f54af_val_1	38.2	0.7	0.5	557482520.0	15030974.0	68.61433228110205
CN_14_G_1098_BL_ADL_F__SRR17643121__R1__776922b8fc01c761304085379ed7ec90_val_1	37.9	0.8	0.5	440882856.0	11926656.0	64.02269518896392
CN_14_G_1099_BL_ADL_M__SRR17643110__R1__64d64834c6b1039749c9af3e019d0bcd_val_1	37.5	0.7	0.5	653658490.0	17865633.0	69.68770055470068
CN_14_G_1100_BL_ADL_F__SRR17643099__R1__38bf1e943751e7a4bbf0b2ef3b11e10d_val_1	35.9	0.7	0.5	578462662.0	15627280.0	71.34207342911239
CN_14_G_1102_BL_ADL_M__SRR17643273__R1__7b1291d46dde16d802063b4777723797_val_1	36.2	0.7	0.5	472657570.0	12817787.0	69.99204290062592
CN_14_G_1103_BL_ADL_M__SRR17643251__R1__b2ecf7e767354713a32a717416f20af3_val_1	36.7	0.7	0.5	621499324.0	17130527.0	71.20968099293754
CN_14_G_1104_BL_ADL_M__SRR17643147__R1__1d9d6e2c046452c89afc5d064255f7dd_val_1	38.4	0.7	0.5	631331205.0	16675736.0	70.52304475082823
CN_14_G_1105_BL_ADL_F__SRR17643136__R1__1e5684ca56aaed7cfc8723140cf45674_val_1	38.1	0.7	0.5	614072548.0	15603255.0	66.69038667995522
CN_16_RG_1652_BL_ADL_F__SRR17643021__R1__0cfa3cdc92fc616780289ea33b672311_val_1	37.2	0.7	0.5	684736875.0	18557192.0	69.51232869323269
CN_16_RG_2014_BL_ADL_F__SRR17643055__R1__b9440af1d0ee3f2d053ba6cb21b1cbcb_val_1	39.4	0.7	0.5	84485547.0	2247859.0	68.46148738865173
CN_16_RG_2017_BL_ADL_F__SRR17643053__R1__90a2c074ce9aded2eabc8f444c90dab9_val_1	39.5	0.7	0.5	761762548.0	20326139.0	70.46386754686156
CN_16_RG_2019_BL_ADL_F__SRR17643052__R1__690ea0720f9157d35b7351495080d4b4_val_1	37.8	0.7	0.5	531736543.0	13790849.0	69.53286271710036
CN_16_RG_2020_BL_ADL_M__SRR17643050__R1__4136cc7c1b11bd36bc5ac494834150d7_val_1	36.5	0.6	0.5	468628371.0	12757317.0	69.75519144363412
CN_16_RG_2021_BL_ADL_M__SRR17643048__R1__5c32a50988902bc4a8b6ef9211b30226_val_1	39.2	0.8	0.5	95491147.0	2540198.0	68.3562806856085
CN_16_RG_2023_BL_ADL_M__SRR17643045__R1__f01d3e3480bc91c04c7318057be4b926_val_1	38.8	0.7	0.5	93995783.0	2537996.0	68.80932034286508
CN_16_RG_2027_BL_ADL_M__SRR17643043__R1__c299cfe386524cbcfa621402e2dbd9a2_val_1	37.1	0.7	0.5	524025765.0	14293358.0	69.01998327877898
CN_16_RG_2029_BL_ADL_F__SRR17643125__R1__3373616e7cdb5c0fc20acb0f6cdc2648_val_1	38.3	0.7	0.5	75066496.0	1979301.0	66.78292574051474
CN_16_RG_2030_BL_ADL_M__SRR17643124__R1__8588b733582e46a2271e463250c015ce_val_1	37.9	0.7	0.5	511315559.0	13335197.0	69.67798430813318
CN_16_RG_2031_BL_ADL_F__SRR17643122__R1__dbf00865c5ad84939425de73519ba521_val_1	38.7	0.7	0.5	512504793.0	13670701.0	69.84755467155782
CN_16_RG_2033_BL_ADL_M__SRR17643120__R1__f5908ae7ad441619d5818b8704570971_val_1	38.2	0.7	0.5	444181683.0	11528530.0	70.98446393430913
CN_16_RG_2044_BL_ADL_F__SRR17643118__R1__9d60dd8a723ce0fc501c7ccfed55bb99_val_1	37.5	0.8	0.6	88245778.0	2383348.0	69.37513280647369
CN_16_RG_2050_BL_ADL_M__SRR17777322__R1__e468dd52640a659d9f4c1ce39666c7cc_val_1	39.0	0.7	0.5	41165255.0	1121584.0	68.24242225114374
CN_16_RG_2054_BL_ADL_F__SRR17643116__R1__493531dcfdd77195c1286a4c2c426c7b_val_1	40.3	0.7	0.5	90108147.0	2427993.0	68.74692789819537
CN_16_RG_2058_BL_ADL_F__SRR17643114__R1__c2dc561a0c87f26d5b53620b0460ca7f_val_1	38.0	0.7	0.5	93985753.0	2533841.0	68.78140689876827
CN_16_RG_2059_BL_ADL_M__SRR17643112__R1__c77da0ecdef2a14add742e2a2dd03a39_val_1	37.5	0.7	0.5	95707980.0	2596414.0	69.35681543771169
CN_16_RG_2063_BL_ADL_F__SRR17643109__R1__17c45d609f814a7eb1b2a053ee8397ff_val_1	38.7	0.7	0.5	77882267.0	2057570.0	69.66814711380526
CN_16_RG_2066_BL_ADL_M__SRR17643107__R1__eb787feee7a53f56ad5cfc5ec2bfd413_val_1	39.0	0.7	0.5	694019466.0	18037224.0	70.95653947244348
CN_16_RG_2068_BL_ADL_F__SRR17643106__R1__73449abaa1ad16a82e2aba4caac1eafc_val_1	37.5	0.7	0.5	95803671.0	2542058.0	69.30544820544698
CN_16_RG_2069_BL_ADL_M__SRR17643104__R1__0f4bf439679adeab09b193197e7c8310_val_1	37.5	0.7	0.5	519769611.0	13836508.0	69.87801139006129
CN_16_RG_2070_BL_ADL_F__SRR17643103__R1__38d2c886c50c07566937d334428ec61f_val_1	38.9	0.7	0.5	93171783.0	2500444.0	69.0934613269668
CN_16_RG_2072_BL_ADL_M__SRR17643101__R1__131ecfc11dae172e30354139d73fc55e_val_1	36.8	0.7	0.5	95954525.0	2596140.0	69.5847440727502
CN_16_RG_2074_BL_ADL_M__SRR17643163__R1__c7d82dcdc159b4bf3d3db18ca58dd41d_val_1	37.6	0.7	0.5	616440217.0	16177181.0	71.1160934266069
CN_17_RG_1705_BL_ADL_M__SRR17643020__R1__c4c3220798e15344d6fe5cad0bb0b29e_val_1	37.0	0.7	0.5	72644344.0	1959507.0	68.70427255250449
CN_17_RG_2077_BL_ADL_M__SRR17643162__R1__ec4b689cbe3964172767da5940443c34_val_1	38.0	0.7	0.5	95684321.0	2588024.0	70.0373781799327
CN_17_RG_2079_BL_ADL_F__SRR17643160__R1__8709fd6d07af18d59c4849d38f090ec9_val_1	38.1	0.7	0.5	547991351.0	14715798.0	68.11366529033455
CN_17_RG_2081_BL_ADL_F__SRR17643159__R1__8cdbffccf62924da751171aa968299c0_val_1	38.7	0.7	0.5	552424406.0	14192936.0	69.28972222229002
CN_17_RG_2082_BL_ADL_F__SRR17643157__R1__32cec8f00e76b1931b6c2b15dd533ba9_val_1	39.3	0.7	0.5	654818022.0	17664575.0	68.65448698084892
CN_17_RG_2086_BL_ADL_F__SRR17643156__R1__fbbdba2e20a5e336f7be9473daced88a_val_1	39.6	0.7	0.5	74898838.0	2033875.0	66.55047430761493
CN_17_RG_2087_BL_ADL_M__SRR17643272__R1__6ccaa1e00e6095a9ba2f8eed78c0b38a_val_1	37.0	0.7	0.5	696552190.0	18810570.0	69.69551504240033
CN_17_RG_2091_BL_ADL_F__SRR17643271__R1__f3e2650773095cc4bfc151c931869ab4_val_1	38.8	0.7	0.5	88290176.0	2372201.0	68.75084047446812
CN_17_RG_2093_BL_ADL_M__SRR17643269__R1__37ba84630d1f4efd2b9d2560ed0665fb_val_1	37.4	0.7	0.5	84603022.0	2249445.0	68.95668543670928
CN_17_RG_2094_BL_ADL_F__SRR17643267__R1__fbef794847220ed54548ad391a8f172e_val_1	39.3	0.7	0.5	85548393.0	2290304.0	68.1930757188055
CN_17_RG_2099_BL_ADL_M__SRR17643265__R1__2a8e6ac49b7aef13efedce9ddb76c033_val_1	37.1	0.7	0.5	589878344.0	16171539.0	69.0222820880066
CN_17_RG_2102_BL_ADL_F__SRR17643254__R1__b84c31d21811d7ddd65599285b329bb4_val_1	37.5	0.7	0.5	594761304.0	16223184.0	69.98562642766709
CN_17_RG_2105_BL_ADL_F__SRR17643253__R1__165e5010cdb731c05d2d214fe924f3a9_val_1	39.0	0.7	0.5	92941703.0	2527639.0	67.36668193827339
CN_17_RG_2107_BL_ADL_F__SRR17643250__R1__3227d3a1cc4b8b747e2dc77ef1125665_val_1	38.1	0.7	0.5	88189940.0	2392293.0	68.89705069188128
CN_17_RG_2111_BL_ADL_F__SRR17643248__R1__f0c3d70c2264678413504f47f83fea86_val_1	38.7	0.7	0.5	657852671.0	17182793.0	70.8559170475584
CN_17_RG_2113_BL_ADL_M__SRR17643155__R1__3efbeac594866d18d29ae820c9513dca_val_1	36.5	0.7	0.5	637360922.0	17252022.0	70.44705360637454
CN_17_RG_2114_BL_ADL_M__SRR17643153__R1__31f3ed127c6e58ce6e1d8cfdf7efeba4_val_1	35.5	0.7	0.5	73000195.0	1985517.0	68.46296359511787
CN_17_RG_2115_BL_ADL_F__SRR17643151__R1__517fb4f51c035b9bc0e0beb14c964ddc_val_1	39.0	0.7	0.5	78801810.0	2148910.0	69.28172891106742
CN_17_RG_2116_BL_ADL_M__SRR17643149__R1__4e04f7ea01f8f2db298d513bf750e67e_val_1	37.2	0.7	0.5	563648025.0	15209632.0	68.12629478365257
CN_17_RG_2121_BL_ADL_F__SRR17643148__R1__6da42680924b3e24f144eeb6436f1847_val_1	38.3	0.7	0.5	714685673.0	19122982.0	67.95553330840598
CN_17_RG_2122_BL_ADL_F__SRR17643146__R1__d086543f481b14e37a21c18d268043d1_val_1	38.7	0.7	0.5	105488725.0	2805180.0	68.53746046521856
CN_17_RG_2123_BL_ADL_M__SRR17643144__R1__9ddcfc422bce5ca5643ee433b134a58b_val_1	38.7	0.7	0.5	678382351.0	18204711.0	69.64415156583044
DE_06_R_U085067_BL_ADL_F__SRR17643235__R1__05710342cf7e8b7d57e35046a899c7c4_val_1	36.4	0.7	0.5	705727378.0	18347231.0	67.31130298726421
DE_06_R_U149791_BL_ADL_M__SRR17643234__R1__44c08baad7f4ad8d3cb6b7e6a01c8e05_val_1	34.7	0.7	0.5	675590372.0	18094863.0	68.09322328251184
DE_06_R_U168348_BL_CHK_U__SRR17643231__R1__2f999eab6cd68b59d28d513c5aead658_val_1	37.0	0.7	0.5	727027791.0	18176555.0	71.22442713226124
DE_07_R_U149791_BL_ADL_M__SRR17643233__R1__940be4085e6b0d9c7f984db0a5dd2bb8_val_1	35.1	0.6	0.5	572222766.0	15624963.0	68.07347979905445
DE_07_R_U150702_BL_ADL_M__SRR17643232__R1__6dd25ba4ebba2668ad4f279698d46c9d_val_1	35.5	0.7	0.5	702848984.0	18544962.0	66.95621513088639
DE_07_R_U170608_BL_YRL_M__SRR17643230__R1__0c0141d8d5e918972aa448cee61b4ef9_val_1	35.2	0.7	0.5	554341737.0	15686562.0	67.13092590754778
DE_07_R_ZD007779_BL_CHK_F__SRR17643027__R1__f11b8c27f0d28aa161cc9c80d764b434_val_1	37.3	0.7	0.5	676991193.0	17141435.0	63.69990314263214
DE_08_R_90037526_BL_CHK_U__SRR17643132__R1__55975549d33d42d135a1a18acee3dfcc_val_1	38.0	0.7	0.5	693176718.0	17264103.0	69.28048726557279
DE_08_R_90039469_BL_CHK_U__SRR17643131__R1__37c1019ab29bc6cad3d8f25bb8dbbefe_val_1	38.6	0.7	0.5	644580113.0	16307112.0	68.98076136521833
DE_08_R_U170608_BL_ADL_M__SRR17643229__R1__6bf267b2c367aeafeec6ce33515606cf_val_1	37.0	0.7	0.5	698950153.0	18125639.0	67.2236744496513
DE_08_R_U184095_BL_ADL_F__SRR17643228__R1__936930d54f4e0563f5763e60bf2d15fb_val_1	37.9	0.7	0.5	624965720.0	17029272.0	68.25172681645628
DE_08_R_U240585_BL_YRL_F__SRR17643227__R1__439b8a36e4067f0457eb4f5814facd68_val_1	37.0	0.7	0.5	109325359.0	2850691.0	70.12100690020239
DE_08_R_ZD007779_BL_YRL_F__SRR17643026__R1__dd023d2c4bb33c293e2039b21aee8d36_val_1	36.4	0.7	0.5	784498096.0	19349009.0	66.24424184803169
DE_09_R_U240585_BL_ADL_F__SRR17643224__R1__56b3f7ff1354199502017413cf7ec4e6_val_1	37.7	0.7	0.5	678925586.0	17110468.0	68.24425029998132
DE_09_R_U241924_BL_ADL_F__SRR17643223__R1__34a7531b2ff36347512da4b5647f69db_val_1	36.2	0.7	0.5	649090475.0	17265051.0	65.58116017800646
DE_09_R_ZD007739_BL_ADL_M__SRR17643028__R1__d7286b2ea07222521de2e5264ad61c42_val_1	35.4	0.6	0.5	784563940.0	19726283.0	70.5125228172262
DE_19_R_19DE043_BL_ADL_M__SRR17643067__R1__1b37b6550c557cceaa9b9198f7ec7d3c_val_1	38.5	0.7	0.5	761301046.0	19860684.0	68.60285156273883
DE_19_R_19DE044_BL_ADL_F__SRR17643066__R1__ad79a43c687e15ed02a5637394240fa3_val_1	38.5	0.7	0.5	760346502.0	19205212.0	68.55518499397289
DE_19_R_19DE054_BL_ADL_M__SRR17643065__R1__7c1f8d71e72bc6616de60697819d555d_val_1	38.5	0.7	0.5	839635444.0	20788950.0	67.53832213664228
DE_19_R_19DE057_BL_ADL_F__SRR17643064__R1__8d55184eac4dd1eb376af8106b199884_val_1	40.1	0.7	0.5	688748526.0	17545921.0	68.03961687155876
DE_19_R_19DE108_BL_ADL_M__SRR17643063__R1__e79f88f8d42ea42721e1b8eb873df071_val_1	38.1	0.7	0.5	687606649.0	17869455.0	67.850721278582
DE_19_R_19DE110_BL_ADL_F__SRR17643062__R1__c4eb351aa1b150227f670c33a744575b_val_1	38.2	0.7	0.5	704899579.0	18775722.0	67.30388598948645
DE_20_R_20DE008_BL_ADL_F__SRR17643259__R1__07cc622bdc794b70f452c5fbee9a1c16_val_1	37.1	0.7	0.5	701306890.0	18606819.0	66.60586634180643
DE_20_R_20DE071_BL_ADL_M__SRR17643258__R1__0bd8241392428447f4cdfb842353ce5c_val_1	36.8	0.7	0.5	752252066.0	19263694.0	67.94458647211106
DE_20_R_20DE078_BL_ADL_M__SRR17643257__R1__a0d88e9fdcf96063dbc4096f783f8918_val_1	36.5	0.7	0.5	666005200.0	17734872.0	66.92568180535132
DE_20_R_20DE139_BL_ADL_F__SRR17643256__R1__9ee71c866a868115e51f179a63560eef_val_1	38.6	0.7	0.5	607063069.0	15234062.0	68.1953604244873
DE_20_R_20DE145_BL_ADL_M__SRR17643255__R1__b1bad1738e1f532f23075c9066ee956d_val_1	35.5	0.7	0.5	764738987.0	19745733.0	68.18956568813236
EG_15_S_1602_BL_ADL_U__SRR17643247__R1__5e06e72bfec4e1523a130d0abdeee8be_val_1	37.5	0.8	0.6	88629771.0	2412801.0	67.01387326584177
EG_15_S_1603_BL_ADL_U__SRR17643225__R1__a3b221ad7b1daf08e344f4206f171e3a_val_1	39.1	0.7	0.5	71664866.0	1912716.0	67.65448151039392
EG_15_S_1605_BL_ADL_U__SRR17643203__R1__8f98d91dea712a0ee6823e5b1bf672e8_val_1	37.9	0.7	0.5	761568276.0	19157349.0	68.05447256844062
EG_15_S_1608_BL_ADL_U__SRR17643098__R1__68e7c8337a94a62a86470db26daf0f22_val_1	37.2	0.7	0.5	71352080.0	1974694.0	67.01065142410368
EG_15_S_1609_BL_ADL_U__SRR17643186__R1__e0eaad7ce04b69c0e2d02d8a14d2392c_val_1	38.2	0.7	0.5	324169877.0	8744134.0	64.5053619629277
EG_15_S_1610_BL_ADL_U__SRR17643175__R1__32bae611a8b9073819c32d28c36cb1f5_val_1	39.3	0.7	0.5	85930338.0	2314449.0	66.96763463482087
EG_15_S_1611_BL_ADL_U__SRR17643030__R1__b0b915f6a9fcc79e26288f21380e6142_val_1	40.0	0.7	0.5	76568999.0	2047972.0	67.96413117389399
EG_15_S_1612_BL_ADL_U__SRR17643024__R1__bf9326dfe9811282774513c64e7d0899_val_1	39.9	0.8	0.5	73190068.0	1981981.0	67.75454433264724
FI_18_R_18FI002_BL_ADL_M__SRR17643016__R1__8ceb7d2dddb00fbf82e0e73a8ef485ec_val_1	40.1	0.7	0.5	572063271.0	14420000.0	65.58873416608587
FI_18_R_18FI020_BL_ADL_F__SRR17643015__R1__5f9e56d99128b818b096e88f96237234_val_1	37.3	0.7	0.5	764199643.0	19654835.0	68.00852952802549
FI_18_R_18FI082_BL_ADL_M__SRR17643014__R1__f7cae2daa17f2abeb35a884093518118_val_1	38.1	0.7	0.5	676162462.0	16790825.0	67.73708185400234
FI_19_R_19FI037_BL_ADL_M__SRR17643061__R1__206464b003f521019877ca1103f4640e_val_1	36.3	0.7	0.5	855279425.0	21155120.0	69.50318889860822
FI_19_R_19FI052_BL_ADL_F__SRR17643060__R1__f019dbb227c82fd35d4f3747ce20e428_val_1	38.0	0.7	0.5	766905695.0	19468541.0	67.88354926534001
FI_19_R_19FI067_BL_ADL_M__SRR17643059__R1__159f90595c58c8d4e052e5a37b00eb77_val_1	35.7	0.7	0.5	808578169.0	20885658.0	67.60399066230079
FI_19_R_19FI092_BL_ADL_M__SRR17643057__R1__96076ffa9c95e658ab83bdec0b1aa06f_val_1	36.2	0.7	0.5	713021288.0	18664069.0	69.78131691409642
FI_19_R_19FI106_BL_ADL_M__SRR17643056__R1__5bc8b3cd4f7fe631ebfd21cdfae53f56_val_1	38.5	0.7	0.5	675988264.0	16974150.0	67.89511445489572
IL_15_TV_X242014_BL_ADL_F__SRR17643168__R1__818def9d5d145c163d3fc153d04bf16a_val_1	39.3	0.7	0.5	1019502842.0	25880623.0	67.78395844807177
IL_15_TV_X242015_BL_ADL_F__SRR17643167__R1__00a17e54da499fa20a8a94c08ff01ccc_val_1	38.5	0.7	0.5	65564355.0	1739286.0	68.04534619370604
IL_15_TV_X242018_BL_ADL_M__SRR17643165__R1__48b3779e0fb0c8d4abe59187264d13a7_val_1	38.0	0.7	0.5	757699372.0	19063382.0	67.90452778375112
IL_15_TV_X242019_BL_ADL_F__SRR17643041__R1__e276d67405e77f46da71f6c879372802_val_1	39.6	0.7	0.5	91044269.0	2420571.0	66.52804430052369
IL_15_TV_X242047_BL_ADL_M__SRR17643038__R1__ef70a6dca61149fd0365207c34f92b20_val_1	38.8	0.7	0.5	95598429.0	2543765.0	67.85732958874232
IL_15_TV_X242048_BL_ADL_F__SRR17643036__R1__dafb29d22104bf35ad69436c6663acf5_val_1	37.4	0.7	0.5	281822461.0	7777615.0	64.57692918595747
IL_15_TV_X242072_BL_ADL_M__SRR17643034__R1__d7f55ea1a690cf9bf823e8883ac0cf40_val_1	38.7	0.7	0.5	98398040.0	2581011.0	68.02642503024408
IL_15_TV_X242077_BL_ADL_M__SRR17643032__R1__5866792e5b93a77dcf84fc225922b7c7_val_1	38.3	0.7	0.5	93762134.0	2452669.0	68.28314183818637
RU_13_RT_VN96011_BL_ADL_F__SRR17643222__R1__10baf97304f33b1b504feaa5a5675044_val_1	37.7	0.7	0.5	506165687.0	13615275.0	66.35577312076715
RU_13_RT_VN96022_BL_ADL_M__SRR17643221__R1__ad92ff284dc52bc0cad8c50e691c27fb_val_1	38.5	0.7	0.5	610631409.0	16642331.0	67.43237204878827
RU_13_RT_VN96023_BL_ADL_M__SRR17643220__R1__bfb6317a126f8da393c76b210d01838e_val_1	37.6	0.7	0.5	732211982.0	20310755.0	68.100769969448
RU_13_RT_VN96026_BL_ADL_M__SRR17643219__R1__e9b74ae1c40e87e5dc98c5e2ae4b8735_val_1	36.4	0.7	0.5	542137159.0	14727826.0	68.49885278879388
RU_13_RT_VN96034_BL_ADL_M__SRR17643217__R1__2e0dcf5b153e4200ebebf865ed1576ff_val_1	38.3	0.7	0.5	601970071.0	16327994.0	68.55390382254912
RU_13_RT_VN96035_BL_ADL_F__SRR17643216__R1__7eb03ef2de59f51a28db5dce0e6aa75d_val_1	39.5	0.7	0.5	562666099.0	14844199.0	67.65528317827534
RU_13_RT_VN96037_BL_ADL_M__SRR17643213__R1__3a9baefd0627e5bbdcbfd4e7a393f182_val_1	37.1	0.7	0.5	457807011.0	12259176.0	69.79552692190431
RU_13_RT_VN96053_BL_ADL_F__SRR17643211__R1__55e85e996824566786aac3263d077f26_val_1	38.1	0.7	0.5	621236592.0	16381372.0	66.98563278517533
RU_13_RT_VN96054_BL_ADL_F__SRR17643209__R1__a2d6746af03096218630b8f706e10a46_val_1	38.9	0.7	0.5	516916421.0	13929659.0	66.22733524346583
RU_13_RT_VN96055_BL_ADL_F__SRR17643208__R1__38ddf0b3c58ca5ebcdf406820234a48b_val_1	37.5	0.7	0.5	562032747.0	15243254.0	69.7726410118059
RU_13_RT_VN96056_BL_ADL_M__SRR17643207__R1__e64d30f188bbaa6ed94ed073adb9996b_val_1	37.0	0.7	0.5	615210548.0	16462577.0	67.78331460731523
RU_13_RT_VN96076_BL_ADL_F__SRR17643206__R1__0be116acce09590781dcee0531b772aa_val_1	37.7	0.7	0.5	480926554.0	12676194.0	69.09737134749858
RU_13_RT_VN96078_BL_ADL_F__SRR17643204__R1__5b6cc0a6fc569eb9a2d0138073682293_val_1	37.8	0.6	0.5	518615767.0	13777847.0	68.2512327142719
RU_13_RT_VN96091_BL_ADL_M__SRR17643201__R1__d19771f42d12acfbc9eb26cbe0bcadc7_val_1	38.5	0.7	0.5	713563620.0	19128639.0	68.28914244975545
RU_13_RT_VN96136_BL_ADL_M__SRR17643088__R1__2c206c6edb9b407a5490c45c938c1596_val_1	37.5	0.7	0.5	730035775.0	19507086.0	67.50875218545082
RU_13_RT_VN96137_BL_ADL_F__SRR17643087__R1__5749ca6140f33ff8d530ec7e25f2a9fe_val_1	37.3	0.6	0.5	525085583.0	13651125.0	70.33394018192062
RU_13_RT_VN96138_BL_ADL_M__SRR17643084__R1__f6eba889de27472848b1c777a49a13f9_val_1	34.9	0.6	0.5	627905154.0	16865840.0	68.34591351505647
RU_13_RT_VN96141_BL_ADL_M__SRR17643083__R1__6b2aca545aeb9f55d403ae24aeaa20cf_val_1	36.2	0.7	0.5	534800678.0	14547026.0	69.0933310686986
RU_13_RT_VN96144_BL_ADL_M__SRR17643081__R1__1438494c90c979ff36d426d55571dcd2_val_1	37.8	0.7	0.5	651205709.0	17515680.0	69.16440714682447
RU_13_RT_VN96145_BL_ADL_F__SRR17643080__R1__77df01f3475c8c4bbe15ef21464c5983_val_1	38.1	0.7	0.5	500884198.0	13227897.0	68.03987966291297
RU_13_RT_VN96151_BL_ADL_M__SRR17643078__R1__7e217d48a5868066b5dbbaa73762c0fd_val_1	36.3	0.6	0.5	463655890.0	12162019.0	69.4824417424172
RU_13_RT_VN96152_BL_ADL_M__SRR17643076__R1__81b3f3e338e23aeab46c7ab4618cbd8a_val_1	36.1	0.7	0.5	515422360.0	13704756.0	70.25748172196387
RU_13_RT_VN96153_BL_ADL_F__SRR17643073__R1__41e6ddbfc7d8f5e8cdc735bcf96e254b_val_1	36.9	0.7	0.5	543474822.0	14389062.0	68.84773343175836
RU_13_RT_VN96154_BL_ADL_M__SRR17643072__R1__0937ef0b53fd37c438901a908f039d8f_val_1	37.6	0.7	0.5	587441459.0	15248075.0	71.43275085570842
RU_13_RT_VN96158_BL_ADL_M__SRR17643071__R1__793342708ec788fde5102c21404151d3_val_1	37.9	0.7	0.5	539809928.0	14192010.0	68.57046859658837
RU_13_RT_VN96159_BL_ADL_M__SRR17643191__R1__8cd55e460a79c16630b3215634494d94_val_1	37.4	0.7	0.5	927999845.0	24640389.0	70.44260413505282
RU_13_RT_VN96161_BL_ADL_M__SRR17643190__R1__6fb43a342be416f2253c775c5335e3c6_val_1	35.4	0.6	0.5	82201038.0	2199244.0	69.40879358240298
RU_13_RT_VN96163_BL_ADL_M__SRR17643188__R1__3f605f44691593bb9db351a56963a957_val_1	35.5	0.6	0.5	476568638.0	12735245.0	68.7014325011566
RU_13_RT_VN96165_BL_ADL_F__SRR17643185__R1__6d798419a196b0100a53cc0746e4e00f_val_1	38.5	0.7	0.5	556101455.0	14962076.0	69.5533015127743
RU_13_RT_VN96166_BL_ADL_M__SRR17643184__R1__d11f00dbb79b789181bac6d0f9773bee_val_1	38.2	0.7	0.5	527993719.0	14779306.0	67.04922814911396
RU_13_RT_VN96171_BL_ADL_F__SRR17643183__R1__74947217ff527485376f8407152db93f_val_1	36.9	0.6	0.5	539133359.0	14480251.0	67.23245105580978
RU_13_RT_VN96180_BL_ADL_M__SRR17643181__R1__551c520a382eecd18341b812550a119e_val_1	36.2	0.7	0.5	554003387.0	14922146.0	70.13455673274112
RU_13_RT_VN96182_BL_ADL_M__SRR17643180__R1__799ac7dad174606d9258b6c156c9c65f_val_1	36.3	0.6	0.5	593281428.0	15584929.0	68.37501442309168
RU_13_RT_VN96190_BL_ADL_F__SRR17643178__R1__4cfc8bf2019ef2cc8e1f0f3ee62dab77_val_1	39.4	0.7	0.5	611483527.0	16214870.0	65.39472272657245
RU_13_RT_VN96194_BL_ADL_M__SRR17643177__R1__f7c870ffb2f3043b3370cee34f728082_val_1	37.7	0.7	0.5	449572866.0	12240334.0	67.5494207933187
RU_13_RT_VN96198_BL_ADL_M__SRR17643174__R1__eb56442e069dfb023f67655d86468503_val_1	35.6	0.7	0.5	95103894.0	2499167.0	69.38614990626971
RU_13_RT_VN96200_BL_ADL_M__SRR17643172__R1__f6c5008fdcc59665ef87dde17b743075_val_1	37.8	0.7	0.5	425400592.0	11323283.0	68.34907340819693
RU_13_R_VN96102_BL_ADL_M__SRR17643199__R1__a8d776c15146ea9675d8b00a77bd0171_val_1	35.6	0.7	0.5	579938486.0	15365592.0	68.81846142986937
RU_13_R_VN96106_BL_ADL_M__SRR17643197__R1__8979fa0934ae99b221bed40f1d32725f_val_1	36.5	0.7	0.5	547811660.0	14299614.0	69.26418236947443
RU_13_R_VN96110_BL_ADL_M__SRR17643196__R1__ca608663807ebeb734e4978b62291a4d_val_1	36.3	0.7	0.5	768708446.0	20852281.0	67.69224181789332
RU_13_R_VN96113_BL_ADL_F__SRR17643194__R1__3753c9cea8b3f6f54a1826090b415014_val_1	39.3	0.7	0.5	586526296.0	15776778.0	68.45746248476532
RU_13_R_VN96116_BL_ADL_M__SRR17643193__R1__74339f33358263944d5fed441f7a02d5_val_1	37.7	0.7	0.5	564709093.0	15469712.0	67.60565842363394
RU_13_R_VN96117_BL_ADL_F__SRR17643095__R1__9675b7ab7bb77c4d7157ec82718eb85d_val_1	36.6	0.7	0.5	433754330.0	11678165.0	69.05674654125379
RU_13_R_VN96118_BL_ADL_F__SRR17643093__R1__4bebe8f37d9d7296f6d837d176e69705_val_1	37.7	0.7	0.5	596756853.0	16243068.0	67.97367404811727
RU_13_R_VN96122_BL_ADL_F__SRR17643091__R1__a7746ed7407290ba77d789ab4553779e_val_1	38.6	0.7	0.5	558094316.0	14849436.0	70.38960109385329
RU_13_R_VN96123_BL_ADL_M__SRR17643090__R1__90a2a5d1e60680c4eaf23a92d4e85ed2_val_1	36.3	0.7	0.5	508250721.0	13640486.0	68.94911094957286
RU_13_R_VN96124_BL_ADL_F__SRR17643089__R1__e35d40950417797f7d247d39e61d66cc_val_1	38.7	0.7	0.6	481930723.0	12721787.0	66.13325455293649
RU_13_R_VN96298_BL_ADL_F__SRR17643170__R1__a8acda577c38c89dfae3554ca5c119f9_val_1	37.2	0.7	0.5	521013002.0	14237876.0	69.8410393700772
RU_13_R_VN96300_BL_ADL_F__SRR17643169__R1__034fe3d7e171d95eb1654c54c797ad67_val_1	36.8	0.7	0.5	696413998.0	18526694.0	67.4352256978935
RU_13_T_NB019_BL_ADL_M__SRR17643130__R1__01db0c6c654c31dd32f1ab2a15a7c9c1_val_1	35.8	0.7	0.5	590688413.0	15983631.0	70.16988449227752
RU_13_T_NB027_BL_ADL_M__SRR17643128__R1__904ae72148c913cd5677dae9e2e4470f_val_1	37.6	0.7	0.5	486430841.0	13240521.0	69.08048415374833
RU_13_T_NB028_BL_ADL_F__SRR17643246__R1__1e0d06451c09497a67db0f7ea8a1b2f2_val_1	38.0	0.7	0.5	109640992.0	2972754.0	66.69527943214804
RU_13_T_NB029_BL_ADL_F__SRR17643245__R1__75d2297b437a4d60886f4d0342e9c409_val_1	37.5	0.8	0.6	459122264.0	11835301.0	62.42095590397301
RU_13_T_NB031_BL_ADL_F__SRR17643243__R1__79076aba851a6eceb1f9454947833b12_val_1	37.7	0.6	0.4	798885657.0	20989169.0	69.49183400547851
RU_13_T_NB033_BL_ADL_F__SRR17643242__R1__0d2a5ca543904311d9b6d48fae8f0a2a_val_1	37.0	0.7	0.5	453086416.0	12145416.0	69.75891295385249
RU_13_T_NB038_BL_ADL_M__SRR17643241__R1__7266583cbfae69b4111103901d3f9c26_val_1	38.6	0.7	0.5	600478604.0	16460867.0	66.73819494529803
RU_13_T_NB040_BL_ADL_F__SRR17643239__R1__f5417ab283b742066d750233f5720237_val_1	38.3	0.7	0.5	497306179.0	13547625.0	66.79479216941024
RU_13_T_NB041_BL_ADL_F__SRR17643237__R1__be8284cc10e66aba4649525e32dc9c21_val_1	36.4	0.7	0.5	805019932.0	22540699.0	69.91134468068239
RU_17_T_NB022_BL_ADL_M__SRR17643129__R1__11ef679279025821f84ff68eb24b3ace_val_1	35.2	0.7	0.5	594136280.0	15660229.0	70.95327043352947
RU_17_T_NB030_BL_ADL_F__SRR17643244__R1__805d12dd4fff1206bd1639e1c8994323_val_1	38.8	0.7	0.5	700357192.0	19128025.0	67.32411185206566
US_02_E_2171-28178_BL_ADL_U__SRR17643143__R1__aa880e36c9117e89f7161e74f8e23765_val_1	39.5	0.7	0.5	92384812.0	2496418.0	65.86639381719436
US_02_E_2171-28179_BL_ADL_U__SRR17643141__R1__5b595b04d7da0c61bdda941ed5bf959f_val_1	37.4	0.7	0.5	710139151.0	19373580.0	66.5149819369834
US_02_E_2171-28186_BL_ADL_U__SRR17777319__R1__595fff3263be7ecd95ef49cd54e5cfb9_val_1	38.3	0.7	0.5	66864669.0	1835898.0	67.64569226648135
US_02_E_2171-28193_BL_ADL_U__SRR17643140__R1__dcba160de94897f720bfb2cd2ed03775_val_1	38.0	0.7	0.5	507718250.0	13963003.0	65.20505661999998
US_02_E_3121-88807_BL_ADL_U__SRR17643139__R1__aa8b574ceab6098eef9efd566cd22748_val_1	36.6	0.7	0.5	57403573.0	1576784.0	67.36254257729276
US_02_E_3121-88831_BL_ADL_U__SRR17643137__R1__37bc2d49bd4dcdbb74b5786cc24de1f9_val_1	36.4	0.7	0.5	416053215.0	11192998.0	63.92791867439757
US_02_E_3121-88841_BL_ADL_U__SRR17643134__R1__94bf11aa2e0f2e24f5a4041680f04760_val_1	38.1	0.7	0.5	79338929.0	2125526.0	67.98063367218224
