Sample	meth_chg	meth_chh	meth_cpg	percent_chg_meth	percent_chh_meth	percent_cpg_meth	total_c	unmeth_chg	unmeth_chh	unmeth_cpg
CH_18_R_18CH024_BL_ADL_M__SRR17643018__R1__d26a809a141ff3606bbb012b518a4454_val_1	1344289.0	1788069.0	48686467.0	0.7	0.5	36.9	687387707.0	193520897.0	358720293.0	83327692.0
CH_18_R_18CH081_BL_ADL_M__SRR17643017__R1__4a1dc631af59269ba7ecf92fe45ea120_val_1	1218702.0	1681550.0	43741957.0	0.7	0.5	35.4	666393960.0	185661208.0	354155674.0	79934869.0
CH_19_R_19CH005_BL_ADL_M__SRR17643013__R1__089f55eeb1d28767c339c9405a50484e_val_1	1410673.0	1911557.0	50633605.0	0.7	0.5	36.4	750095953.0	209927073.0	397751285.0	88461760.0
CH_19_R_19CH008_BL_ADL_F__SRR17643012__R1__0337ff931531a685c552893ce7dd505e_val_1	1335446.0	1875294.0	46070072.0	0.7	0.5	39.9	644565201.0	178532786.0	347336801.0	69414802.0
CH_19_R_19CH091_BL_ADL_M__SRR17643068__R1__ba4871885bba09ec9a877673464579c2_val_1	1354727.0	1902599.0	48283158.0	0.7	0.5	36.5	723354648.0	200914418.0	386854936.0	84044810.0
CH_20_R_20CH003_BL_ADL_M__SRR17643263__R1__8263d5d14b3f18e5c67a31f86d888009_val_1	1473763.0	2089260.0	51997824.0	0.7	0.5	36.6	787918886.0	218938961.0	423504849.0	89914229.0
CH_20_R_20CH005_BL_ADL_M__SRR17643261__R1__d2a2e1de2d795b161b9cc2903f906a6f_val_1	1437718.0	1916429.0	49894109.0	0.7	0.5	37.1	716864053.0	200370039.0	378672994.0	84572764.0
CH_20_R_20CH006_BL_ADL_F__SRR17643260__R1__2f326fc8ddda2bf08fd65dd1c1c5f780_val_1	1557280.0	2192751.0	58020722.0	0.7	0.5	40.4	800028139.0	220959719.0	431850689.0	85446978.0
CN_14_G_1086_BL_ADL_M__SRR17643275__R1__1969570b6fc708c33cad733317ff37d0_val_1	1291395.0	1746437.0	45597281.0	0.7	0.5	35.5	627352533.0	175836140.0	319929425.0	82951855.0
CN_14_G_1089_BL_ADL_M__SRR17643274__R1__898d298f3bc6bc2850d9d6b58412ab6c_val_1	822070.0	1120555.0	31210251.0	0.7	0.5	38.3	425326632.0	117488441.0	224458347.0	50226968.0
CN_14_G_1093_BL_ADL_M__SRR17643022__R1__45a284e228130f86ed96a1cb4cc54d18_val_1	1572708.0	2098906.0	58258381.0	0.7	0.5	37.2	783180420.0	219043437.0	403652680.0	98554308.0
CN_14_G_1094_BL_ADL_F__SRR17643069__R1__3fbf3afa698261550ee064fdeee00583_val_1	1311067.0	1800817.0	50376542.0	0.7	0.5	37.4	687266937.0	190526447.0	359010207.0	84241857.0
CN_14_G_1097_BL_ADL_F__SRR17643058__R1__ff85361ffa15b071c572410bf31f54af_val_1	1078846.0	1495654.0	41157155.0	0.7	0.5	38.2	557482520.0	153574968.0	293551313.0	66624584.0
CN_14_G_1098_BL_ADL_F__SRR17643121__R1__776922b8fc01c761304085379ed7ec90_val_1	932021.0	1264558.0	32453248.0	0.8	0.5	37.9	440882856.0	122426551.0	230522100.0	53284378.0
CN_14_G_1099_BL_ADL_M__SRR17643110__R1__64d64834c6b1039749c9af3e019d0bcd_val_1	1340749.0	1801825.0	48538627.0	0.7	0.5	37.5	653658490.0	181294939.0	339690347.0	80992003.0
CN_14_G_1100_BL_ADL_F__SRR17643099__R1__38bf1e943751e7a4bbf0b2ef3b11e10d_val_1	1133626.0	1541800.0	41312728.0	0.7	0.5	35.9	578462662.0	161574761.0	299011577.0	73888170.0
CN_14_G_1102_BL_ADL_M__SRR17643273__R1__7b1291d46dde16d802063b4777723797_val_1	878909.0	1207747.0	33217428.0	0.7	0.5	36.2	472657570.0	130889675.0	247977908.0	58485903.0
CN_14_G_1103_BL_ADL_M__SRR17643251__R1__b2ecf7e767354713a32a717416f20af3_val_1	1267688.0	1684507.0	46281621.0	0.7	0.5	36.7	621499324.0	172766307.0	319761947.0	79737254.0
CN_14_G_1104_BL_ADL_M__SRR17643147__R1__1d9d6e2c046452c89afc5d064255f7dd_val_1	1288440.0	1740554.0	46458441.0	0.7	0.5	38.4	631331205.0	175298650.0	331882696.0	74662424.0
CN_14_G_1105_BL_ADL_F__SRR17643136__R1__1e5684ca56aaed7cfc8723140cf45674_val_1	1239243.0	1741586.0	43324188.0	0.7	0.5	38.1	614072548.0	170588940.0	326742302.0	70436289.0
CN_16_RG_1652_BL_ADL_F__SRR17643021__R1__0cfa3cdc92fc616780289ea33b672311_val_1	1332565.0	1870845.0	49941799.0	0.7	0.5	37.2	684736875.0	190895006.0	356236469.0	84460191.0
CN_16_RG_2014_BL_ADL_F__SRR17643055__R1__b9440af1d0ee3f2d053ba6cb21b1cbcb_val_1	172931.0	235493.0	6391888.0	0.7	0.5	39.4	84485547.0	23433095.0	44429614.0	9822526.0
CN_16_RG_2017_BL_ADL_F__SRR17643053__R1__90a2c074ce9aded2eabc8f444c90dab9_val_1	1537282.0	2062500.0	58523446.0	0.7	0.5	39.5	761762548.0	212516896.0	397489386.0	89633038.0
CN_16_RG_2019_BL_ADL_F__SRR17643052__R1__690ea0720f9157d35b7351495080d4b4_val_1	976767.0	1360947.0	37937481.0	0.7	0.5	37.8	531736543.0	146819271.0	282172854.0	62469223.0
CN_16_RG_2020_BL_ADL_M__SRR17643050__R1__4136cc7c1b11bd36bc5ac494834150d7_val_1	840608.0	1128061.0	33357449.0	0.6	0.5	36.5	468628371.0	130475757.0	244888230.0	57938266.0
CN_16_RG_2021_BL_ADL_M__SRR17643048__R1__5c32a50988902bc4a8b6ef9211b30226_val_1	201898.0	267315.0	7106162.0	0.8	0.5	39.2	95491147.0	26543086.0	50351866.0	11020820.0
CN_16_RG_2023_BL_ADL_M__SRR17643045__R1__f01d3e3480bc91c04c7318057be4b926_val_1	194782.0	258378.0	7055047.0	0.7	0.5	38.8	93995783.0	26210946.0	49165739.0	11110891.0
CN_16_RG_2027_BL_ADL_M__SRR17643043__R1__c299cfe386524cbcfa621402e2dbd9a2_val_1	1021718.0	1392120.0	38191491.0	0.7	0.5	37.1	524025765.0	145408458.0	273338951.0	64673027.0
CN_16_RG_2029_BL_ADL_F__SRR17643125__R1__3373616e7cdb5c0fc20acb0f6cdc2648_val_1	145402.0	199931.0	5429333.0	0.7	0.5	38.3	75066496.0	20720313.0	39833733.0	8737784.0
CN_16_RG_2030_BL_ADL_M__SRR17643124__R1__8588b733582e46a2271e463250c015ce_val_1	961485.0	1329735.0	36637094.0	0.7	0.5	37.9	511315559.0	141041842.0	271295974.0	60049429.0
CN_16_RG_2031_BL_ADL_F__SRR17643122__R1__dbf00865c5ad84939425de73519ba521_val_1	1029402.0	1399845.0	38116726.0	0.7	0.5	38.7	512504793.0	142462127.0	269032859.0	60463834.0
CN_16_RG_2033_BL_ADL_M__SRR17643120__R1__f5908ae7ad441619d5818b8704570971_val_1	828639.0	1139813.0	31928202.0	0.7	0.5	38.2	444181683.0	122466415.0	236080631.0	51737983.0
CN_16_RG_2044_BL_ADL_F__SRR17643118__R1__9d60dd8a723ce0fc501c7ccfed55bb99_val_1	201092.0	276867.0	6409226.0	0.8	0.6	37.5	88245778.0	24552421.0	46114991.0	10691181.0
CN_16_RG_2050_BL_ADL_M__SRR17777322__R1__e468dd52640a659d9f4c1ce39666c7cc_val_1	84207.0	115111.0	3084534.0	0.7	0.5	39.0	41165255.0	11414169.0	21634186.0	4833048.0
CN_16_RG_2054_BL_ADL_F__SRR17643116__R1__493531dcfdd77195c1286a4c2c426c7b_val_1	184449.0	250359.0	6997961.0	0.7	0.5	40.3	90108147.0	25135667.0	47158079.0	10381632.0
CN_16_RG_2058_BL_ADL_F__SRR17643114__R1__c2dc561a0c87f26d5b53620b0460ca7f_val_1	187185.0	258814.0	6885012.0	0.7	0.5	38.0	93985753.0	26277473.0	49122933.0	11254336.0
CN_16_RG_2059_BL_ADL_M__SRR17643112__R1__c77da0ecdef2a14add742e2a2dd03a39_val_1	187025.0	255675.0	6944221.0	0.7	0.5	37.5	95707980.0	26658788.0	50068598.0	11593673.0
CN_16_RG_2063_BL_ADL_F__SRR17643109__R1__17c45d609f814a7eb1b2a053ee8397ff_val_1	154881.0	212892.0	5753892.0	0.7	0.5	38.7	77882267.0	21669005.0	40982769.0	9108828.0
CN_16_RG_2066_BL_ADL_M__SRR17643107__R1__eb787feee7a53f56ad5cfc5ec2bfd413_val_1	1369699.0	1896473.0	50850491.0	0.7	0.5	39.0	694019466.0	193095968.0	367175834.0	79631001.0
CN_16_RG_2068_BL_ADL_F__SRR17643106__R1__73449abaa1ad16a82e2aba4caac1eafc_val_1	198193.0	275495.0	6838652.0	0.7	0.5	37.5	95803671.0	26572371.0	50520394.0	11398566.0
CN_16_RG_2069_BL_ADL_M__SRR17643104__R1__0f4bf439679adeab09b193197e7c8310_val_1	1065948.0	1438148.0	37707875.0	0.7	0.5	37.5	519769611.0	144988881.0	271655146.0	62913613.0
CN_16_RG_2070_BL_ADL_F__SRR17643103__R1__38d2c886c50c07566937d334428ec61f_val_1	191437.0	259279.0	6976764.0	0.7	0.5	38.9	93171783.0	25913521.0	48893253.0	10937529.0
CN_16_RG_2072_BL_ADL_M__SRR17643101__R1__131ecfc11dae172e30354139d73fc55e_val_1	193106.0	264004.0	6891333.0	0.7	0.5	36.8	95954525.0	26817601.0	49947291.0	11841190.0
CN_16_RG_2074_BL_ADL_M__SRR17643163__R1__c7d82dcdc159b4bf3d3db18ca58dd41d_val_1	1209750.0	1639404.0	44249550.0	0.7	0.5	37.6	616440217.0	171736808.0	324034461.0	73570244.0
CN_17_RG_1705_BL_ADL_M__SRR17643020__R1__c4c3220798e15344d6fe5cad0bb0b29e_val_1	142034.0	192294.0	5224198.0	0.7	0.5	37.0	72644344.0	20253473.0	37954795.0	8877550.0
CN_17_RG_2077_BL_ADL_M__SRR17643162__R1__ec4b689cbe3964172767da5940443c34_val_1	196618.0	266001.0	7126767.0	0.7	0.5	38.0	95684321.0	26688216.0	49768099.0	11638620.0
CN_17_RG_2079_BL_ADL_F__SRR17643160__R1__8709fd6d07af18d59c4849d38f090ec9_val_1	1043575.0	1359503.0	41040285.0	0.7	0.5	38.1	547991351.0	152935069.0	284962601.0	66650318.0
CN_17_RG_2081_BL_ADL_F__SRR17643159__R1__8cdbffccf62924da751171aa968299c0_val_1	1037805.0	1451494.0	39654360.0	0.7	0.5	38.7	552424406.0	152324788.0	295080339.0	62875620.0
CN_17_RG_2082_BL_ADL_F__SRR17643157__R1__32cec8f00e76b1931b6c2b15dd533ba9_val_1	1287715.0	1773263.0	50629831.0	0.7	0.5	39.3	654818022.0	182491355.0	340448993.0	78186865.0
CN_17_RG_2086_BL_ADL_F__SRR17643156__R1__fbbdba2e20a5e336f7be9473daced88a_val_1	150443.0	200267.0	5760248.0	0.7	0.5	39.6	74898838.0	20866808.0	39148682.0	8772390.0
CN_17_RG_2087_BL_ADL_M__SRR17643272__R1__6ccaa1e00e6095a9ba2f8eed78c0b38a_val_1	1360413.0	1830120.0	51317342.0	0.7	0.5	37.0	696552190.0	193543978.0	361022010.0	87478327.0
CN_17_RG_2091_BL_ADL_F__SRR17643271__R1__f3e2650773095cc4bfc151c931869ab4_val_1	179304.0	240909.0	6614396.0	0.7	0.5	38.8	88290176.0	24581157.0	46226887.0	10447523.0
CN_17_RG_2093_BL_ADL_M__SRR17643269__R1__37ba84630d1f4efd2b9d2560ed0665fb_val_1	169412.0	229683.0	6066368.0	0.7	0.5	37.4	84603022.0	23531089.0	44462682.0	10143788.0
CN_17_RG_2094_BL_ADL_F__SRR17643267__R1__fbef794847220ed54548ad391a8f172e_val_1	174741.0	237312.0	6489726.0	0.7	0.5	39.3	85548393.0	23773452.0	44852866.0	10020296.0
CN_17_RG_2099_BL_ADL_M__SRR17643265__R1__2a8e6ac49b7aef13efedce9ddb76c033_val_1	1127457.0	1528604.0	43082095.0	0.7	0.5	37.1	589878344.0	163796772.0	307171132.0	73172284.0
CN_17_RG_2102_BL_ADL_F__SRR17643254__R1__b84c31d21811d7ddd65599285b329bb4_val_1	1127930.0	1520685.0	44304849.0	0.7	0.5	37.5	594761304.0	166467756.0	307507771.0	73832313.0
CN_17_RG_2105_BL_ADL_F__SRR17643253__R1__165e5010cdb731c05d2d214fe924f3a9_val_1	181551.0	251952.0	7044228.0	0.7	0.5	39.0	92941703.0	25879577.0	48576602.0	11007793.0
CN_17_RG_2107_BL_ADL_F__SRR17643250__R1__3227d3a1cc4b8b747e2dc77ef1125665_val_1	179093.0	242887.0	6561793.0	0.7	0.5	38.1	88189940.0	24590500.0	45955724.0	10659943.0
CN_17_RG_2111_BL_ADL_F__SRR17643248__R1__f0c3d70c2264678413504f47f83fea86_val_1	1300190.0	1796226.0	48939403.0	0.7	0.5	38.7	657852671.0	183082347.0	345162035.0	77572470.0
CN_17_RG_2113_BL_ADL_M__SRR17643155__R1__3efbeac594866d18d29ae820c9513dca_val_1	1233105.0	1666557.0	46358053.0	0.7	0.5	36.5	637360922.0	178267317.0	329175100.0	80660790.0
CN_17_RG_2114_BL_ADL_M__SRR17643153__R1__31f3ed127c6e58ce6e1d8cfdf7efeba4_val_1	146663.0	199226.0	5100169.0	0.7	0.5	35.5	73000195.0	20300629.0	37982257.0	9271251.0
CN_17_RG_2115_BL_ADL_F__SRR17643151__R1__517fb4f51c035b9bc0e0beb14c964ddc_val_1	157635.0	207023.0	6008477.0	0.7	0.5	39.0	78801810.0	22080741.0	40946043.0	9401891.0
CN_17_RG_2116_BL_ADL_M__SRR17643149__R1__4e04f7ea01f8f2db298d513bf750e67e_val_1	1108195.0	1509206.0	41106111.0	0.7	0.5	37.2	563648025.0	157400414.0	293213758.0	69310341.0
CN_17_RG_2121_BL_ADL_F__SRR17643148__R1__6da42680924b3e24f144eeb6436f1847_val_1	1350972.0	1822014.0	52829508.0	0.7	0.5	38.3	714685673.0	199294136.0	374141281.0	85247762.0
CN_17_RG_2122_BL_ADL_F__SRR17643146__R1__d086543f481b14e37a21c18d268043d1_val_1	210228.0	289415.0	7869056.0	0.7	0.5	38.7	105488725.0	29398805.0	55250878.0	12470343.0
CN_17_RG_2123_BL_ADL_M__SRR17643144__R1__9ddcfc422bce5ca5643ee433b134a58b_val_1	1389059.0	1873086.0	51791071.0	0.7	0.5	38.7	678382351.0	189002535.0	352282797.0	82043803.0
DE_06_R_U085067_BL_ADL_F__SRR17643235__R1__05710342cf7e8b7d57e35046a899c7c4_val_1	1460801.0	1978575.0	48292848.0	0.7	0.5	36.4	705727378.0	197850957.0	371873574.0	84270623.0
DE_06_R_U149791_BL_ADL_M__SRR17643234__R1__44c08baad7f4ad8d3cb6b7e6a01c8e05_val_1	1353622.0	1778452.0	45845087.0	0.7	0.5	34.7	675590372.0	190128929.0	350067276.0	86417006.0
DE_06_R_U168348_BL_CHK_U__SRR17643231__R1__2f999eab6cd68b59d28d513c5aead658_val_1	1357213.0	1831372.0	49321105.0	0.7	0.5	37.0	727027791.0	203853109.0	386594112.0	84070880.0
DE_07_R_U149791_BL_ADL_M__SRR17643233__R1__940be4085e6b0d9c7f984db0a5dd2bb8_val_1	1013445.0	1526517.0	35859807.0	0.6	0.5	35.1	572222766.0	157199996.0	310192047.0	66430954.0
DE_07_R_U150702_BL_ADL_M__SRR17643232__R1__6dd25ba4ebba2668ad4f279698d46c9d_val_1	1442752.0	1954784.0	47277927.0	0.7	0.5	35.5	702848984.0	196159893.0	370071793.0	85941835.0
DE_07_R_U170608_BL_YRL_M__SRR17643230__R1__0c0141d8d5e918972aa448cee61b4ef9_val_1	1045484.0	1428304.0	38512013.0	0.7	0.5	35.2	554341737.0	154950337.0	287496927.0	70908672.0
DE_07_R_ZD007779_BL_CHK_F__SRR17643027__R1__f11b8c27f0d28aa161cc9c80d764b434_val_1	1304738.0	1810987.0	46439762.0	0.7	0.5	37.3	676991193.0	189333909.0	360087319.0	78014478.0
DE_08_R_90037526_BL_CHK_U__SRR17643132__R1__55975549d33d42d135a1a18acee3dfcc_val_1	1300957.0	1847863.0	47419128.0	0.7	0.5	38.0	693176718.0	192391594.0	373001135.0	77216041.0
DE_08_R_90039469_BL_CHK_U__SRR17643131__R1__37c1019ab29bc6cad3d8f25bb8dbbefe_val_1	1247990.0	1738562.0	44781716.0	0.7	0.5	38.6	644580113.0	178997678.0	346463659.0	71350508.0
DE_08_R_U170608_BL_ADL_M__SRR17643229__R1__6bf267b2c367aeafeec6ce33515606cf_val_1	1447032.0	1933049.0	49942519.0	0.7	0.5	37.0	698950153.0	196861049.0	363732518.0	85033986.0
DE_08_R_U184095_BL_ADL_F__SRR17643228__R1__936930d54f4e0563f5763e60bf2d15fb_val_1	1241200.0	1705565.0	45980593.0	0.7	0.5	37.9	624965720.0	174469253.0	326169052.0	75400057.0
DE_08_R_U240585_BL_YRL_F__SRR17643227__R1__439b8a36e4067f0457eb4f5814facd68_val_1	213753.0	296959.0	7609981.0	0.7	0.5	37.0	109325359.0	30397450.0	57824489.0	12982727.0
DE_08_R_ZD007779_BL_YRL_F__SRR17643026__R1__dd023d2c4bb33c293e2039b21aee8d36_val_1	1469397.0	2082215.0	51377699.0	0.7	0.5	36.4	784498096.0	218509765.0	421249070.0	89809950.0
DE_09_R_U240585_BL_ADL_F__SRR17643224__R1__56b3f7ff1354199502017413cf7ec4e6_val_1	1331303.0	1837405.0	46663381.0	0.7	0.5	37.7	678925586.0	189341980.0	362757270.0	76994247.0
DE_09_R_U241924_BL_ADL_F__SRR17643223__R1__34a7531b2ff36347512da4b5647f69db_val_1	1304538.0	1742386.0	45733879.0	0.7	0.5	36.2	649090475.0	182939100.0	336736701.0	80633871.0
DE_09_R_ZD007739_BL_ADL_M__SRR17643028__R1__d7286b2ea07222521de2e5264ad61c42_val_1	1430164.0	1950088.0	51599259.0	0.6	0.5	35.4	784563940.0	219897447.0	415366642.0	94320340.0
DE_19_R_19DE043_BL_ADL_M__SRR17643067__R1__1b37b6550c557cceaa9b9198f7ec7d3c_val_1	1507760.0	1968598.0	55883624.0	0.7	0.5	38.5	761301046.0	214782123.0	397712875.0	89446066.0
DE_19_R_19DE044_BL_ADL_F__SRR17643066__R1__ad79a43c687e15ed02a5637394240fa3_val_1	1522508.0	2084103.0	53639146.0	0.7	0.5	38.5	760346502.0	211668529.0	405925702.0	85506514.0
DE_19_R_19DE054_BL_ADL_M__SRR17643065__R1__7c1f8d71e72bc6616de60697819d555d_val_1	1601003.0	2197788.0	58219313.0	0.7	0.5	38.5	839635444.0	234644309.0	450001645.0	92971386.0
DE_19_R_19DE057_BL_ADL_F__SRR17643064__R1__8d55184eac4dd1eb376af8106b199884_val_1	1333214.0	1830676.0	51042592.0	0.7	0.5	40.1	688748526.0	192405611.0	365869371.0	76267062.0
DE_19_R_19DE108_BL_ADL_M__SRR17643063__R1__e79f88f8d42ea42721e1b8eb873df071_val_1	1359952.0	1783999.0	50387584.0	0.7	0.5	38.1	687606649.0	193326284.0	358965735.0	81783095.0
DE_19_R_19DE110_BL_ADL_F__SRR17643062__R1__c4eb351aa1b150227f670c33a744575b_val_1	1324810.0	1754028.0	52475263.0	0.7	0.5	38.2	704899579.0	198667641.0	365874775.0	84803062.0
DE_20_R_20DE008_BL_ADL_F__SRR17643259__R1__07cc622bdc794b70f452c5fbee9a1c16_val_1	1347448.0	1780997.0	50160853.0	0.7	0.5	37.1	701306890.0	197523542.0	365431362.0	85062688.0
DE_20_R_20DE071_BL_ADL_M__SRR17643258__R1__0bd8241392428447f4cdfb842353ce5c_val_1	1447953.0	1946376.0	51142210.0	0.7	0.5	36.8	752252066.0	211289873.0	398410920.0	88014734.0
DE_20_R_20DE078_BL_ADL_M__SRR17643257__R1__a0d88e9fdcf96063dbc4096f783f8918_val_1	1269406.0	1660579.0	47574083.0	0.7	0.5	36.5	666005200.0	188484373.0	344191798.0	82824961.0
DE_20_R_20DE139_BL_ADL_F__SRR17643256__R1__9ee71c866a868115e51f179a63560eef_val_1	1140055.0	1577582.0	42769546.0	0.7	0.5	38.6	607063069.0	168815577.0	324776484.0	67983825.0
DE_20_R_20DE145_BL_ADL_M__SRR17643255__R1__b1bad1738e1f532f23075c9066ee956d_val_1	1462623.0	1925053.0	51411950.0	0.7	0.5	35.5	764738987.0	215472393.0	401199791.0	93267177.0
EG_15_S_1602_BL_ADL_U__SRR17643247__R1__5e06e72bfec4e1523a130d0abdeee8be_val_1	188078.0	256918.0	6436274.0	0.8	0.6	37.5	88629771.0	24599213.0	46428118.0	10721170.0
EG_15_S_1603_BL_ADL_U__SRR17643225__R1__a3b221ad7b1daf08e344f4206f171e3a_val_1	140792.0	190154.0	5351663.0	0.7	0.5	39.1	71664866.0	19985190.0	37650363.0	8346704.0
EG_15_S_1605_BL_ADL_U__SRR17643203__R1__8f98d91dea712a0ee6823e5b1bf672e8_val_1	1472142.0	2087506.0	52463830.0	0.7	0.5	37.9	761568276.0	210175090.0	409235051.0	86134657.0
EG_15_S_1608_BL_ADL_U__SRR17643098__R1__68e7c8337a94a62a86470db26daf0f22_val_1	149074.0	200755.0	5205907.0	0.7	0.5	37.2	71352080.0	19916985.0	37080721.0	8798638.0
EG_15_S_1609_BL_ADL_U__SRR17643186__R1__e0eaad7ce04b69c0e2d02d8a14d2392c_val_1	654251.0	893473.0	23747675.0	0.7	0.5	38.2	324169877.0	90444679.0	170025382.0	38404417.0
EG_15_S_1610_BL_ADL_U__SRR17643175__R1__32bae611a8b9073819c32d28c36cb1f5_val_1	172040.0	236063.0	6463511.0	0.7	0.5	39.3	85930338.0	23916870.0	45140133.0	10001721.0
EG_15_S_1611_BL_ADL_U__SRR17643030__R1__b0b915f6a9fcc79e26288f21380e6142_val_1	158148.0	215893.0	5816873.0	0.7	0.5	40.0	76568999.0	21284050.0	40386239.0	8707796.0
EG_15_S_1612_BL_ADL_U__SRR17643024__R1__bf9326dfe9811282774513c64e7d0899_val_1	153566.0	207472.0	5644016.0	0.8	0.5	39.9	73190068.0	20321566.0	38353866.0	8509582.0
FI_18_R_18FI002_BL_ADL_M__SRR17643016__R1__8ceb7d2dddb00fbf82e0e73a8ef485ec_val_1	1149975.0	1576993.0	42079371.0	0.7	0.5	40.1	572063271.0	159117043.0	305398146.0	62741743.0
FI_18_R_18FI020_BL_ADL_F__SRR17643015__R1__5f9e56d99128b818b096e88f96237234_val_1	1502228.0	2026806.0	53759443.0	0.7	0.5	37.3	764199643.0	214296868.0	402422109.0	90192189.0
FI_18_R_18FI082_BL_ADL_M__SRR17643014__R1__f7cae2daa17f2abeb35a884093518118_val_1	1283874.0	1768937.0	46992770.0	0.7	0.5	38.1	676162462.0	188615193.0	361142379.0	76359309.0
FI_19_R_19FI037_BL_ADL_M__SRR17643061__R1__206464b003f521019877ca1103f4640e_val_1	1591145.0	2196580.0	56873960.0	0.7	0.5	36.3	855279425.0	239229779.0	455484289.0	99903672.0
FI_19_R_19FI052_BL_ADL_F__SRR17643060__R1__f019dbb227c82fd35d4f3747ce20e428_val_1	1498164.0	2023766.0	53989081.0	0.7	0.5	38.0	766905695.0	214304457.0	406907323.0	88182904.0
FI_19_R_19FI067_BL_ADL_M__SRR17643059__R1__159f90595c58c8d4e052e5a37b00eb77_val_1	1593391.0	2120612.0	54624596.0	0.7	0.5	35.7	808578169.0	227364069.0	424276064.0	98599437.0
FI_19_R_19FI092_BL_ADL_M__SRR17643057__R1__96076ffa9c95e658ab83bdec0b1aa06f_val_1	1387188.0	1835574.0	49913714.0	0.7	0.5	36.2	713021288.0	200436407.0	371548230.0	87900175.0
FI_19_R_19FI106_BL_ADL_M__SRR17643056__R1__5bc8b3cd4f7fe631ebfd21cdfae53f56_val_1	1316227.0	1807120.0	47651887.0	0.7	0.5	38.5	675988264.0	188713648.0	360359136.0	76140246.0
IL_15_TV_X242014_BL_ADL_F__SRR17643168__R1__818def9d5d145c163d3fc153d04bf16a_val_1	1944429.0	2673502.0	74148576.0	0.7	0.5	39.3	1019502842.0	282782658.0	543575570.0	114378107.0
IL_15_TV_X242015_BL_ADL_F__SRR17643167__R1__00a17e54da499fa20a8a94c08ff01ccc_val_1	127830.0	175880.0	4795572.0	0.7	0.5	38.5	65564355.0	18102984.0	34699344.0	7662745.0
IL_15_TV_X242018_BL_ADL_M__SRR17643165__R1__48b3779e0fb0c8d4abe59187264d13a7_val_1	1450751.0	2015262.0	52628732.0	0.7	0.5	38.0	757699372.0	210344410.0	405397723.0	85862494.0
IL_15_TV_X242019_BL_ADL_F__SRR17643041__R1__e276d67405e77f46da71f6c879372802_val_1	186812.0	254405.0	6800199.0	0.7	0.5	39.6	91044269.0	25212347.0	48224243.0	10366263.0
IL_15_TV_X242047_BL_ADL_M__SRR17643038__R1__ef70a6dca61149fd0365207c34f92b20_val_1	193502.0	265655.0	6940283.0	0.7	0.5	38.8	95598429.0	26527223.0	50708085.0	10963681.0
IL_15_TV_X242048_BL_ADL_F__SRR17643036__R1__dafb29d22104bf35ad69436c6663acf5_val_1	565912.0	786346.0	20589299.0	0.7	0.5	37.4	281822461.0	78132894.0	147257043.0	34490967.0
IL_15_TV_X242072_BL_ADL_M__SRR17643034__R1__d7f55ea1a690cf9bf823e8883ac0cf40_val_1	197820.0	273841.0	7171490.0	0.7	0.5	38.7	98398040.0	27263939.0	52143014.0	11347936.0
IL_15_TV_X242077_BL_ADL_M__SRR17643032__R1__5866792e5b93a77dcf84fc225922b7c7_val_1	185845.0	254556.0	6701555.0	0.7	0.5	38.3	93762134.0	26054248.0	49749987.0	10815943.0
RU_13_RT_VN96011_BL_ADL_F__SRR17643222__R1__10baf97304f33b1b504feaa5a5675044_val_1	977995.0	1303535.0	36558945.0	0.7	0.5	37.7	506165687.0	140692121.0	266215654.0	60417437.0
RU_13_RT_VN96022_BL_ADL_M__SRR17643221__R1__ad92ff284dc52bc0cad8c50e691c27fb_val_1	1235978.0	1654908.0	46152179.0	0.7	0.5	38.5	610631409.0	169739937.0	318200819.0	73647588.0
RU_13_RT_VN96023_BL_ADL_M__SRR17643220__R1__bfb6317a126f8da393c76b210d01838e_val_1	1430376.0	1905940.0	55727956.0	0.7	0.5	37.6	732211982.0	203613022.0	377090120.0	92444568.0
RU_13_RT_VN96026_BL_ADL_M__SRR17643219__R1__e9b74ae1c40e87e5dc98c5e2ae4b8735_val_1	1032486.0	1434108.0	38275720.0	0.7	0.5	36.4	542137159.0	150266156.0	284335698.0	66792991.0
RU_13_RT_VN96034_BL_ADL_M__SRR17643217__R1__2e0dcf5b153e4200ebebf865ed1576ff_val_1	1181821.0	1609770.0	45304439.0	0.7	0.5	38.3	601970071.0	167254248.0	313536264.0	73083529.0
RU_13_RT_VN96035_BL_ADL_F__SRR17643216__R1__7eb03ef2de59f51a28db5dce0e6aa75d_val_1	1043840.0	1453670.0	41558111.0	0.7	0.5	39.5	562666099.0	155926869.0	298944361.0	63739248.0
RU_13_RT_VN96037_BL_ADL_M__SRR17643213__R1__3a9baefd0627e5bbdcbfd4e7a393f182_val_1	866052.0	1192859.0	32735922.0	0.7	0.5	37.1	457807011.0	126551890.0	240978047.0	55482241.0
RU_13_RT_VN96053_BL_ADL_F__SRR17643211__R1__55e85e996824566786aac3263d077f26_val_1	1128353.0	1584059.0	44502700.0	0.7	0.5	38.1	621236592.0	171085021.0	330551423.0	72385036.0
RU_13_RT_VN96054_BL_ADL_F__SRR17643209__R1__a2d6746af03096218630b8f706e10a46_val_1	1085006.0	1462241.0	39048147.0	0.7	0.5	38.9	516916421.0	143592522.0	270438272.0	61290233.0
RU_13_RT_VN96055_BL_ADL_F__SRR17643208__R1__38ddf0b3c58ca5ebcdf406820234a48b_val_1	1082903.0	1497470.0	41785881.0	0.7	0.5	37.5	562032747.0	156524749.0	291492418.0	69649326.0
RU_13_RT_VN96056_BL_ADL_M__SRR17643207__R1__e64d30f188bbaa6ed94ed073adb9996b_val_1	1195512.0	1615012.0	43996423.0	0.7	0.5	37.0	615210548.0	171722290.0	321688879.0	74992432.0
RU_13_RT_VN96076_BL_ADL_F__SRR17643206__R1__0be116acce09590781dcee0531b772aa_val_1	898596.0	1254814.0	34389007.0	0.7	0.5	37.7	480926554.0	133174422.0	254362539.0	56847176.0
RU_13_RT_VN96078_BL_ADL_F__SRR17643204__R1__5b6cc0a6fc569eb9a2d0138073682293_val_1	924906.0	1296229.0	36967518.0	0.6	0.5	37.8	518615767.0	143264674.0	275285174.0	60877266.0
RU_13_RT_VN96091_BL_ADL_M__SRR17643201__R1__d19771f42d12acfbc9eb26cbe0bcadc7_val_1	1347172.0	1843815.0	52946310.0	0.7	0.5	38.5	713563620.0	197389632.0	375623082.0	84413609.0
RU_13_RT_VN96136_BL_ADL_M__SRR17643088__R1__2c206c6edb9b407a5490c45c938c1596_val_1	1393991.0	1821058.0	52919504.0	0.7	0.5	37.5	730035775.0	204980156.0	380813572.0	88107494.0
RU_13_RT_VN96137_BL_ADL_F__SRR17643087__R1__5749ca6140f33ff8d530ec7e25f2a9fe_val_1	925734.0	1304950.0	36810582.0	0.6	0.5	37.3	525085583.0	144980416.0	279276838.0	61787063.0
RU_13_RT_VN96138_BL_ADL_M__SRR17643084__R1__f6eba889de27472848b1c777a49a13f9_val_1	1141282.0	1550732.0	42653076.0	0.6	0.5	34.9	627905154.0	174953607.0	327963927.0	79642530.0
RU_13_RT_VN96141_BL_ADL_M__SRR17643083__R1__6b2aca545aeb9f55d403ae24aeaa20cf_val_1	1012093.0	1382877.0	37528245.0	0.7	0.5	36.2	534800678.0	147977482.0	280735710.0	66164271.0
RU_13_RT_VN96144_BL_ADL_M__SRR17643081__R1__1438494c90c979ff36d426d55571dcd2_val_1	1261804.0	1757691.0	47396773.0	0.7	0.5	37.8	651205709.0	181087927.0	341727558.0	77973956.0
RU_13_RT_VN96145_BL_ADL_F__SRR17643080__R1__77df01f3475c8c4bbe15ef21464c5983_val_1	915630.0	1275196.0	35999119.0	0.7	0.5	38.1	500884198.0	138316581.0	265914784.0	58462888.0
RU_13_RT_VN96151_BL_ADL_M__SRR17643078__R1__7e217d48a5868066b5dbbaa73762c0fd_val_1	836376.0	1151876.0	31924849.0	0.6	0.5	36.3	463655890.0	128591209.0	245026278.0	56125302.0
RU_13_RT_VN96152_BL_ADL_M__SRR17643076__R1__81b3f3e338e23aeab46c7ab4618cbd8a_val_1	935073.0	1291696.0	35333657.0	0.7	0.5	36.1	515422360.0	142372144.0	272862719.0	62627071.0
RU_13_RT_VN96153_BL_ADL_F__SRR17643073__R1__41e6ddbfc7d8f5e8cdc735bcf96e254b_val_1	1022924.0	1411928.0	38113203.0	0.7	0.5	36.9	543474822.0	150956163.0	286722538.0	65248066.0
RU_13_RT_VN96154_BL_ADL_M__SRR17643072__R1__0937ef0b53fd37c438901a908f039d8f_val_1	1117346.0	1525158.0	41863735.0	0.7	0.5	37.6	587441459.0	163013542.0	310405332.0	69516346.0
RU_13_RT_VN96158_BL_ADL_M__SRR17643071__R1__793342708ec788fde5102c21404151d3_val_1	980595.0	1366135.0	38356255.0	0.7	0.5	37.9	539809928.0	149000408.0	287196903.0	62909632.0
RU_13_RT_VN96159_BL_ADL_M__SRR17643191__R1__8cd55e460a79c16630b3215634494d94_val_1	1746796.0	2440835.0	66088628.0	0.7	0.5	37.4	927999845.0	258049059.0	488837985.0	110836542.0
RU_13_RT_VN96161_BL_ADL_M__SRR17643190__R1__6fb43a342be416f2253c775c5335e3c6_val_1	145845.0	204152.0	5662859.0	0.6	0.5	35.4	82201038.0	22765538.0	43098319.0	10324325.0
RU_13_RT_VN96163_BL_ADL_M__SRR17643188__R1__3f605f44691593bb9db351a56963a957_val_1	849851.0	1190186.0	32452218.0	0.6	0.5	35.5	476568638.0	131737736.0	251437899.0	58900748.0
RU_13_RT_VN96165_BL_ADL_F__SRR17643185__R1__6d798419a196b0100a53cc0746e4e00f_val_1	1093301.0	1466245.0	41511576.0	0.7	0.5	38.5	556101455.0	154209864.0	291545996.0	66274473.0
RU_13_RT_VN96166_BL_ADL_M__SRR17643184__R1__d11f00dbb79b789181bac6d0f9773bee_val_1	1071815.0	1405296.0	40805584.0	0.7	0.5	38.2	527993719.0	146761687.0	272061251.0	65888086.0
RU_13_RT_VN96171_BL_ADL_F__SRR17643183__R1__74947217ff527485376f8407152db93f_val_1	947855.0	1334566.0	38037083.0	0.6	0.5	36.9	539133359.0	148839578.0	284939951.0	65034326.0
RU_13_RT_VN96180_BL_ADL_M__SRR17643181__R1__551c520a382eecd18341b812550a119e_val_1	1066033.0	1453020.0	39042539.0	0.7	0.5	36.2	554003387.0	153784128.0	289829700.0	68827967.0
RU_13_RT_VN96182_BL_ADL_M__SRR17643180__R1__799ac7dad174606d9258b6c156c9c65f_val_1	1050739.0	1435245.0	40863700.0	0.6	0.5	36.3	593281428.0	164127493.0	314156487.0	71647764.0
RU_13_RT_VN96190_BL_ADL_F__SRR17643178__R1__4cfc8bf2019ef2cc8e1f0f3ee62dab77_val_1	1175176.0	1552593.0	46676147.0	0.7	0.5	39.4	611483527.0	170395705.0	319947525.0	71736381.0
RU_13_RT_VN96194_BL_ADL_M__SRR17643177__R1__f7c870ffb2f3043b3370cee34f728082_val_1	834631.0	1156255.0	32701193.0	0.7	0.5	37.7	449572866.0	124587632.0	236302785.0	53990370.0
RU_13_RT_VN96198_BL_ADL_M__SRR17643174__R1__eb56442e069dfb023f67655d86468503_val_1	174330.0	244931.0	6388554.0	0.7	0.5	35.6	95103894.0	26275822.0	50468972.0	11551285.0
RU_13_RT_VN96200_BL_ADL_M__SRR17643172__R1__f6c5008fdcc59665ef87dde17b743075_val_1	805022.0	1127099.0	30851558.0	0.7	0.5	37.8	425400592.0	118033077.0	223807406.0	50776430.0
RU_13_R_VN96102_BL_ADL_M__SRR17643199__R1__a8d776c15146ea9675d8b00a77bd0171_val_1	1076292.0	1510090.0	39461517.0	0.7	0.5	35.6	579938486.0	160228102.0	306283274.0	71379211.0
RU_13_R_VN96106_BL_ADL_M__SRR17643197__R1__8979fa0934ae99b221bed40f1d32725f_val_1	1024131.0	1414809.0	37907239.0	0.7	0.5	36.5	547811660.0	151841110.0	289587521.0	66036850.0
RU_13_R_VN96110_BL_ADL_M__SRR17643196__R1__ca608663807ebeb734e4978b62291a4d_val_1	1399054.0	1936470.0	53906901.0	0.7	0.5	36.3	768708446.0	212484263.0	404257932.0	94723826.0
RU_13_R_VN96113_BL_ADL_F__SRR17643194__R1__3753c9cea8b3f6f54a1826090b415014_val_1	1169094.0	1584921.0	44890909.0	0.7	0.5	39.3	586526296.0	163067340.0	306622781.0	69191251.0
RU_13_R_VN96116_BL_ADL_M__SRR17643193__R1__74339f33358263944d5fed441f7a02d5_val_1	1072871.0	1452600.0	41527142.0	0.7	0.5	37.7	564709093.0	156827338.0	295125575.0	68703567.0
RU_13_R_VN96117_BL_ADL_F__SRR17643095__R1__9675b7ab7bb77c4d7157ec82718eb85d_val_1	808880.0	1122442.0	30615746.0	0.7	0.5	36.6	433754330.0	119646634.0	228453234.0	53107394.0
RU_13_R_VN96118_BL_ADL_F__SRR17643093__R1__4bebe8f37d9d7296f6d837d176e69705_val_1	1162125.0	1590745.0	43577261.0	0.7	0.5	37.7	596756853.0	165005174.0	313261017.0	72160531.0
RU_13_R_VN96122_BL_ADL_F__SRR17643091__R1__a7746ed7407290ba77d789ab4553779e_val_1	1093833.0	1487322.0	41131076.0	0.7	0.5	38.6	558094316.0	154369769.0	294576309.0	65436007.0
RU_13_R_VN96123_BL_ADL_M__SRR17643090__R1__90a2a5d1e60680c4eaf23a92d4e85ed2_val_1	990778.0	1324064.0	36001086.0	0.7	0.5	36.3	508250721.0	141801798.0	264953255.0	63179740.0
RU_13_R_VN96124_BL_ADL_F__SRR17643089__R1__e35d40950417797f7d247d39e61d66cc_val_1	995339.0	1512724.0	35372239.0	0.7	0.6	38.7	481930723.0	133408352.0	254620495.0	56021574.0
RU_13_R_VN96298_BL_ADL_F__SRR17643170__R1__a8acda577c38c89dfae3554ca5c119f9_val_1	1003780.0	1359257.0	38094767.0	0.7	0.5	37.2	521013002.0	145074170.0	271099827.0	64381201.0
RU_13_R_VN96300_BL_ADL_F__SRR17643169__R1__034fe3d7e171d95eb1654c54c797ad67_val_1	1338300.0	1816633.0	49266815.0	0.7	0.5	36.8	696413998.0	193598432.0	365871580.0	84522238.0
RU_13_T_NB019_BL_ADL_M__SRR17643130__R1__01db0c6c654c31dd32f1ab2a15a7c9c1_val_1	1196534.0	1629371.0	42151187.0	0.7	0.5	35.8	590688413.0	164158371.0	305958626.0	75594324.0
RU_13_T_NB027_BL_ADL_M__SRR17643128__R1__904ae72148c913cd5677dae9e2e4470f_val_1	942517.0	1284397.0	35597722.0	0.7	0.5	37.6	486430841.0	134544819.0	255026943.0	59034443.0
RU_13_T_NB028_BL_ADL_F__SRR17643246__R1__1e0d06451c09497a67db0f7ea8a1b2f2_val_1	215244.0	293331.0	7988137.0	0.7	0.5	38.0	109640992.0	30370234.0	57727931.0	13046115.0
RU_13_T_NB029_BL_ADL_F__SRR17643245__R1__75d2297b437a4d60886f4d0342e9c409_val_1	965397.0	1376191.0	31969044.0	0.8	0.6	37.5	459122264.0	127628743.0	243895323.0	53287566.0
RU_13_T_NB031_BL_ADL_F__SRR17643243__R1__79076aba851a6eceb1f9454947833b12_val_1	1380810.0	1786659.0	57317307.0	0.6	0.4	37.7	798885657.0	222752359.0	420960482.0	94688040.0
RU_13_T_NB033_BL_ADL_F__SRR17643242__R1__0d2a5ca543904311d9b6d48fae8f0a2a_val_1	868866.0	1204728.0	32343276.0	0.7	0.5	37.0	453086416.0	125962878.0	237549182.0	55157486.0
RU_13_T_NB038_BL_ADL_M__SRR17643241__R1__7266583cbfae69b4111103901d3f9c26_val_1	1143451.0	1558645.0	45002107.0	0.7	0.5	38.6	600478604.0	166115901.0	315025882.0	71632618.0
RU_13_T_NB040_BL_ADL_F__SRR17643239__R1__f5417ab283b742066d750233f5720237_val_1	943154.0	1302738.0	37196710.0	0.7	0.5	38.3	497306179.0	137300652.0	260644417.0	59918508.0
RU_13_T_NB041_BL_ADL_F__SRR17643237__R1__be8284cc10e66aba4649525e32dc9c21_val_1	1588308.0	2127404.0	60749961.0	0.7	0.5	36.4	805019932.0	225622296.0	408826823.0	106105140.0
RU_17_T_NB022_BL_ADL_M__SRR17643129__R1__11ef679279025821f84ff68eb24b3ace_val_1	1161844.0	1601492.0	39881738.0	0.7	0.5	35.2	594136280.0	164814135.0	313179756.0	73497315.0
RU_17_T_NB030_BL_ADL_F__SRR17643244__R1__805d12dd4fff1206bd1639e1c8994323_val_1	1395479.0	1881181.0	52856241.0	0.7	0.5	38.8	700357192.0	194771697.0	366032658.0	83419936.0
US_02_E_2171-28178_BL_ADL_U__SRR17643143__R1__aa880e36c9117e89f7161e74f8e23765_val_1	188368.0	251959.0	7107798.0	0.7	0.5	39.5	92384812.0	25666777.0	48291421.0	10878489.0
US_02_E_2171-28179_BL_ADL_U__SRR17643141__R1__5b595b04d7da0c61bdda941ed5bf959f_val_1	1374790.0	1836856.0	52453376.0	0.7	0.5	37.4	710139151.0	198876337.0	367805180.0	87792612.0
US_02_E_2171-28186_BL_ADL_U__SRR17777319__R1__595fff3263be7ecd95ef49cd54e5cfb9_val_1	139292.0	185022.0	5027354.0	0.7	0.5	38.3	66864669.0	18526059.0	34884786.0	8102156.0
US_02_E_2171-28193_BL_ADL_U__SRR17643140__R1__dcba160de94897f720bfb2cd2ed03775_val_1	991565.0	1329249.0	38145790.0	0.7	0.5	38.0	507718250.0	140894230.0	264066974.0	62290442.0
US_02_E_3121-88807_BL_ADL_U__SRR17643139__R1__aa8b574ceab6098eef9efd566cd22748_val_1	115571.0	157636.0	4123059.0	0.7	0.5	36.6	57403573.0	15939145.0	29929256.0	7138906.0
US_02_E_3121-88831_BL_ADL_U__SRR17643137__R1__37bc2d49bd4dcdbb74b5786cc24de1f9_val_1	781920.0	1074959.0	28745057.0	0.7	0.5	36.4	416053215.0	115893369.0	219232837.0	50325073.0
US_02_E_3121-88841_BL_ADL_U__SRR17643134__R1__94bf11aa2e0f2e24f5a4041680f04760_val_1	163081.0	219349.0	5811198.0	0.7	0.5	38.1	79338929.0	21984022.0	41727920.0	9433359.0
