Sample	aligned_reads	ambig_reads	discarded_reads	meth_chg	meth_chh	meth_cpg	no_alignments	percent_aligned	percent_chg_meth	percent_chh_meth	percent_cpg_meth	strand_ctob	strand_ctot	strand_directional	strand_ob	strand_ot	total_c	total_reads	unmeth_chg	unmeth_chh	unmeth_cpg
CH_18_R_18CH024_BL_ADL_M__SRR17643018__R1__d26a809a141ff3606bbb012b518a4454_val_1	18271283.0	3197256.0	477.0	2351163.0	3264316.0	90198288.0	6412839.0	65.53220934775892	0.7	0.5	36.8	0.0	0.0	directional	9145907.0	9124899.0	1279952049.0	27881378.0	359248267.0	669822553.0	155067462.0
CH_18_R_18CH081_BL_ADL_M__SRR17643017__R1__4a1dc631af59269ba7ecf92fe45ea120_val_1	16907191.0	2854203.0	512.0	2057265.0	2982161.0	77380876.0	4562147.0	69.5095792179272	0.6	0.5	34.8	0.0	0.0	directional	8464099.0	8442580.0	1190437901.0	24323541.0	330699980.0	632249293.0	145068326.0
CH_19_R_19CH005_BL_ADL_M__SRR17643013__R1__089f55eeb1d28767c339c9405a50484e_val_1	19242355.0	3244480.0	524.0	2407639.0	3440172.0	91666429.0	7136583.0	64.95656578184193	0.6	0.5	36.2	0.0	0.0	directional	9612051.0	9629780.0	1367326356.0	29623418.0	381340505.0	726631359.0	161840252.0
CH_19_R_19CH008_BL_ADL_F__SRR17643012__R1__0337ff931531a685c552893ce7dd505e_val_1	15810863.0	2792326.0	429.0	2238117.0	3284211.0	80343383.0	5302506.0	66.13847871814646	0.7	0.5	39.4	0.0	0.0	directional	7922060.0	7888374.0	1130070858.0	23905695.0	312009814.0	608364951.0	123830382.0
CH_19_R_19CH091_BL_ADL_M__SRR17643068__R1__ba4871885bba09ec9a877673464579c2_val_1	18162968.0	2941159.0	412.0	2283260.0	3353876.0	85339511.0	5067416.0	69.39968346535778	0.6	0.5	36.0	0.0	0.0	directional	9107195.0	9055361.0	1288474489.0	26171543.0	356749472.0	688764908.0	151983462.0
CH_20_R_20CH003_BL_ADL_M__SRR17643263__R1__8263d5d14b3f18e5c67a31f86d888009_val_1	19339744.0	3032762.0	447.0	2433987.0	3614607.0	90035984.0	4885994.0	70.94940660711337	0.6	0.5	35.9	0.0	0.0	directional	9689208.0	9650089.0	1373731690.0	27258500.0	380584105.0	736424383.0	160638624.0
CH_20_R_20CH005_BL_ADL_M__SRR17643261__R1__d2a2e1de2d795b161b9cc2903f906a6f_val_1	18533055.0	3125799.0	334.0	2486965.0	3501117.0	91209798.0	5416954.0	68.44876060577766	0.7	0.5	36.9	0.0	0.0	directional	9289928.0	9242793.0	1319285337.0	27075808.0	367599370.0	698298026.0	156190061.0
CH_20_R_20CH006_BL_ADL_F__SRR17643260__R1__2f326fc8ddda2bf08fd65dd1c1c5f780_val_1	19507241.0	3343886.0	592.0	2570952.0	3792473.0	100269149.0	5612453.0	68.53403893677465	0.7	0.5	39.7	0.0	0.0	directional	9758254.0	9748395.0	1391773539.0	28463580.0	383324067.0	749749545.0	152067353.0
CN_14_G_1086_BL_ADL_M__SRR17643275__R1__1969570b6fc708c33cad733317ff37d0_val_1	17301254.0	2920384.0	424.0	2411562.0	3387753.0	87000939.0	4019863.0	71.37039080212071	0.7	0.5	35.4	0.0	0.0	directional	8695216.0	8605614.0	1204728057.0	24241501.0	336970760.0	616034307.0	158922736.0
CN_14_G_1089_BL_ADL_M__SRR17643274__R1__898d298f3bc6bc2850d9d6b58412ab6c_val_1	11381800.0	2028299.0	284.0	1489485.0	2144483.0	58381225.0	3028597.0	69.23785195614056	0.7	0.5	38.2	0.0	0.0	directional	5731332.0	5650184.0	801744593.0	16438696.0	220800167.0	424473718.0	94455515.0
CN_14_G_1093_BL_ADL_M__SRR17643022__R1__45a284e228130f86ed96a1cb4cc54d18_val_1	21378243.0	3657757.0	552.0	2857976.0	4005372.0	108981641.0	5207765.0	70.6864472726858	0.7	0.5	36.9	0.0	0.0	directional	10715069.0	10662622.0	1479893924.0	30243765.0	412980293.0	764348484.0	186720158.0
CN_14_G_1094_BL_ADL_F__SRR17643069__R1__3fbf3afa698261550ee064fdeee00583_val_1	18243765.0	3422699.0	565.0	2357164.0	3399232.0	93240385.0	4577290.0	69.51659812083287	0.7	0.5	37.1	0.0	0.0	directional	9171250.0	9071950.0	1287327731.0	26243754.0	356075342.0	674241797.0	158013811.0
CN_14_G_1097_BL_ADL_F__SRR17643058__R1__ff85361ffa15b071c572410bf31f54af_val_1	15030974.0	2644333.0	426.0	1969136.0	2879165.0	77310558.0	4231157.0	68.61433228110205	0.7	0.5	38.0	0.0	0.0	directional	7552077.0	7478471.0	1056775038.0	21906464.0	290434272.0	558265667.0	125916240.0
CN_14_G_1098_BL_ADL_F__SRR17643121__R1__776922b8fc01c761304085379ed7ec90_val_1	11926656.0	2222989.0	352.0	1684687.0	2374968.0	61042262.0	4479149.0	64.02269518896392	0.7	0.5	37.8	0.0	0.0	directional	5991507.0	5934797.0	832652296.0	18628794.0	230637728.0	436559025.0	100353626.0
CN_14_G_1099_BL_ADL_M__SRR17643110__R1__64d64834c6b1039749c9af3e019d0bcd_val_1	17865633.0	3269948.0	475.0	2466184.0	3472564.0	91705312.0	4501128.0	69.68770055470068	0.7	0.5	37.3	0.0	0.0	directional	8987746.0	8877412.0	1245861887.0	25636709.0	344880536.0	649262691.0	154074600.0
CN_14_G_1100_BL_ADL_F__SRR17643099__R1__38bf1e943751e7a4bbf0b2ef3b11e10d_val_1	15627280.0	2807233.0	495.0	2070841.0	2939662.0	77588956.0	3470205.0	71.34207342911239	0.7	0.5	35.7	0.0	0.0	directional	7843575.0	7783210.0	1095850403.0	21904718.0	305418538.0	567833663.0	139998743.0
CN_14_G_1102_BL_ADL_M__SRR17643273__R1__7b1291d46dde16d802063b4777723797_val_1	12817787.0	2207244.0	423.0	1610018.0	2334804.0	62851745.0	3288175.0	69.99204290062592	0.6	0.5	36.1	0.0	0.0	directional	6427103.0	6390261.0	902364339.0	18313206.0	249356865.0	475135644.0	111075263.0
CN_14_G_1103_BL_ADL_M__SRR17643251__R1__b2ecf7e767354713a32a717416f20af3_val_1	17130527.0	2844866.0	629.0	2348087.0	3248087.0	88045262.0	4081065.0	71.20968099293754	0.7	0.5	36.6	0.0	0.0	directional	8616897.0	8513001.0	1190564253.0	24056458.0	330306661.0	614165300.0	152450856.0
CN_14_G_1104_BL_ADL_M__SRR17643147__R1__1d9d6e2c046452c89afc5d064255f7dd_val_1	16675736.0	2826986.0	436.0	2309735.0	3295348.0	86129317.0	4143075.0	70.52304475082823	0.7	0.5	38.1	0.0	0.0	directional	8368863.0	8306437.0	1183258138.0	23645797.0	327729957.0	623666260.0	140127521.0
CN_14_G_1105_BL_ADL_F__SRR17643136__R1__1e5684ca56aaed7cfc8723140cf45674_val_1	15603255.0	2633738.0	441.0	2133443.0	3156699.0	77777757.0	5159565.0	66.69038667995522	0.7	0.5	37.7	0.0	0.0	directional	7806408.0	7796406.0	1111661895.0	23396558.0	307869768.0	591967628.0	128756600.0
CN_16_RG_1652_BL_ADL_F__SRR17643021__R1__0cfa3cdc92fc616780289ea33b672311_val_1	18557192.0	3374306.0	564.0	2449716.0	3589070.0	94124874.0	4764762.0	69.51232869323269	0.7	0.5	37.0	0.0	0.0	directional	9330850.0	9225778.0	1301904487.0	26696260.0	362246672.0	679018150.0	160476005.0
CN_16_RG_2014_BL_ADL_F__SRR17643055__R1__b9440af1d0ee3f2d053ba6cb21b1cbcb_val_1	2247859.0	439874.0	68.0	310018.0	445543.0	11831612.0	595659.0	68.46148738865173	0.7	0.5	39.1	0.0	0.0	directional	1128238.0	1119553.0	158114725.0	3283392.0	43715165.0	83416963.0	18395424.0
CN_16_RG_2017_BL_ADL_F__SRR17643053__R1__90a2c074ce9aded2eabc8f444c90dab9_val_1	20326139.0	3713787.0	558.0	2782765.0	3913269.0	109136288.0	4806261.0	70.46386754686156	0.7	0.5	39.2	0.0	0.0	directional	10206119.0	10119462.0	1432382569.0	28846187.0	398565870.0	749045431.0	168938946.0
CN_16_RG_2019_BL_ADL_F__SRR17643052__R1__690ea0720f9157d35b7351495080d4b4_val_1	13790849.0	2514669.0	303.0	1725181.0	2544715.0	69251164.0	3528052.0	69.53286271710036	0.6	0.5	37.4	0.0	0.0	directional	6938413.0	6852133.0	979592295.0	19833570.0	269714949.0	520684160.0	115672126.0
CN_16_RG_2020_BL_ADL_M__SRR17643050__R1__4136cc7c1b11bd36bc5ac494834150d7_val_1	12757317.0	2283106.0	358.0	1541499.0	2181119.0	62992830.0	3248276.0	69.75519144363412	0.6	0.5	36.4	0.0	0.0	directional	6394219.0	6362740.0	891835934.0	18288699.0	247719996.0	467306354.0	110094136.0
CN_16_RG_2021_BL_ADL_M__SRR17643048__R1__5c32a50988902bc4a8b6ef9211b30226_val_1	2540198.0	473781.0	64.0	361806.0	502507.0	13161617.0	702136.0	68.3562806856085	0.7	0.5	39.0	0.0	0.0	directional	1275069.0	1265065.0	178665361.0	3716115.0	49504440.0	94514992.0	20619999.0
CN_16_RG_2023_BL_ADL_M__SRR17643045__R1__f01d3e3480bc91c04c7318057be4b926_val_1	2537996.0	470288.0	45.0	350365.0	486452.0	13164272.0	680164.0	68.80932034286508	0.7	0.5	38.7	0.0	0.0	directional	1275902.0	1262049.0	176908962.0	3688448.0	49189238.0	92843960.0	20874675.0
CN_16_RG_2027_BL_ADL_M__SRR17643043__R1__c299cfe386524cbcfa621402e2dbd9a2_val_1	14293358.0	2490766.0	393.0	1888250.0	2710243.0	72289294.0	3924890.0	69.01998327877898	0.7	0.5	37.0	0.0	0.0	directional	7180916.0	7112049.0	999346025.0	20709014.0	276621588.0	522897745.0	122938905.0
CN_16_RG_2029_BL_ADL_F__SRR17643125__R1__3373616e7cdb5c0fc20acb0f6cdc2648_val_1	1979301.0	363705.0	78.0	256084.0	374221.0	9932765.0	620777.0	66.78292574051474	0.7	0.5	38.1	0.0	0.0	directional	991576.0	987647.0	138528973.0	2963783.0	38115547.0	73695832.0	16154524.0
CN_16_RG_2030_BL_ADL_M__SRR17643124__R1__8588b733582e46a2271e463250c015ce_val_1	13335197.0	2259866.0	393.0	1700449.0	2499217.0	67066460.0	3543259.0	69.67798430813318	0.6	0.5	37.5	0.0	0.0	directional	6696393.0	6638411.0	947690557.0	19138322.0	260690657.0	504096467.0	111637307.0
CN_16_RG_2031_BL_ADL_F__SRR17643122__R1__dbf00865c5ad84939425de73519ba521_val_1	13670701.0	2526461.0	361.0	1859226.0	2659772.0	71039130.0	3375035.0	69.84755467155782	0.7	0.5	38.4	0.0	0.0	directional	6872842.0	6797498.0	963272872.0	19572197.0	267089012.0	506865402.0	113760330.0
CN_16_RG_2033_BL_ADL_M__SRR17643120__R1__f5908ae7ad441619d5818b8704570971_val_1	11528530.0	1930779.0	288.0	1462774.0	2139181.0	58143960.0	2781611.0	70.98446393430913	0.6	0.5	37.7	0.0	0.0	directional	5779641.0	5748601.0	819248226.0	16240920.0	225214883.0	436284163.0	96003265.0
CN_16_RG_2044_BL_ADL_F__SRR17643118__R1__9d60dd8a723ce0fc501c7ccfed55bb99_val_1	2383348.0	430052.0	67.0	363745.0	522766.0	11986581.0	622050.0	69.37513280647369	0.8	0.6	37.3	0.0	0.0	directional	1195991.0	1187290.0	166515058.0	3435450.0	46215787.0	87298772.0	20127407.0
CN_16_RG_2050_BL_ADL_M__SRR17777322__R1__e468dd52640a659d9f4c1ce39666c7cc_val_1	1121584.0	205408.0	18.0	152565.0	218260.0	5779659.0	316537.0	68.24242225114374	0.7	0.5	38.8	0.0	0.0	directional	565668.0	555898.0	77721641.0	1643529.0	21490292.0	40974732.0	9106133.0
CN_16_RG_2054_BL_ADL_F__SRR17643116__R1__493531dcfdd77195c1286a4c2c426c7b_val_1	2427993.0	431707.0	77.0	331427.0	471842.0	13061337.0	672084.0	68.74692789819537	0.7	0.5	40.1	0.0	0.0	directional	1217137.0	1210779.0	169722988.0	3531784.0	47209233.0	89126210.0	19522939.0
CN_16_RG_2058_BL_ADL_F__SRR17643114__R1__c2dc561a0c87f26d5b53620b0460ca7f_val_1	2533841.0	470334.0	48.0	336728.0	485338.0	12786272.0	679729.0	68.78140689876827	0.7	0.5	37.7	0.0	0.0	directional	1272242.0	1261551.0	176254394.0	3683904.0	49141816.0	92401884.0	21102356.0
CN_16_RG_2059_BL_ADL_M__SRR17643112__R1__c77da0ecdef2a14add742e2a2dd03a39_val_1	2596414.0	452760.0	60.0	338098.0	483290.0	12979821.0	694386.0	69.35681543771169	0.7	0.5	37.3	0.0	0.0	directional	1304876.0	1291478.0	180417475.0	3743560.0	50113462.0	94668924.0	21833880.0
CN_16_RG_2063_BL_ADL_F__SRR17643109__R1__17c45d609f814a7eb1b2a053ee8397ff_val_1	2057570.0	361000.0	47.0	275224.0	396427.0	10601244.0	534817.0	69.66814711380526	0.7	0.5	38.4	0.0	0.0	directional	1031452.0	1026071.0	144939648.0	2953387.0	40203752.0	76486148.0	16976853.0
CN_16_RG_2066_BL_ADL_M__SRR17643107__R1__eb787feee7a53f56ad5cfc5ec2bfd413_val_1	18037224.0	3107158.0	507.0	2430146.0	3560814.0	93477775.0	4275719.0	70.95653947244348	0.7	0.5	38.6	0.0	0.0	directional	9060333.0	8976384.0	1289562762.0	25420101.0	357761868.0	683897842.0	148434317.0
CN_16_RG_2068_BL_ADL_F__SRR17643106__R1__73449abaa1ad16a82e2aba4caac1eafc_val_1	2542058.0	467533.0	66.0	354452.0	517462.0	12596990.0	658314.0	69.30544820544698	0.7	0.5	37.2	0.0	0.0	directional	1276916.0	1265076.0	178356614.0	3667905.0	49302867.0	94293091.0	21291752.0
CN_16_RG_2069_BL_ADL_M__SRR17643104__R1__0f4bf439679adeab09b193197e7c8310_val_1	13836508.0	2401004.0	428.0	1943511.0	2744768.0	70496771.0	3563435.0	69.87801139006129	0.7	0.5	37.2	0.0	0.0	directional	6965801.0	6870279.0	980690960.0	19800947.0	272972755.0	513700927.0	118832228.0
CN_16_RG_2070_BL_ADL_F__SRR17643103__R1__38d2c886c50c07566937d334428ec61f_val_1	2500444.0	463096.0	56.0	344616.0	489625.0	12991732.0	655390.0	69.0934613269668	0.7	0.5	38.7	0.0	0.0	directional	1257261.0	1243127.0	175121134.0	3618930.0	48561707.0	92186539.0	20546915.0
CN_16_RG_2072_BL_ADL_M__SRR17643101__R1__131ecfc11dae172e30354139d73fc55e_val_1	2596140.0	441337.0	86.0	350337.0	499906.0	12889819.0	693427.0	69.5847440727502	0.7	0.5	36.6	0.0	0.0	directional	1302845.0	1293209.0	181287089.0	3730904.0	50530765.0	94673332.0	22342930.0
CN_16_RG_2074_BL_ADL_M__SRR17643163__R1__c7d82dcdc159b4bf3d3db18ca58dd41d_val_1	16177181.0	2662527.0	517.0	2154527.0	3076218.0	81405716.0	3907859.0	71.1160934266069	0.7	0.5	37.3	0.0	0.0	directional	8125443.0	8051221.0	1145419118.0	22747567.0	318155342.0	603519648.0	137107667.0
CN_17_RG_1705_BL_ADL_M__SRR17643020__R1__c4c3220798e15344d6fe5cad0bb0b29e_val_1	1959507.0	344828.0	100.0	255360.0	362074.0	9721794.0	547754.0	68.70427255250449	0.7	0.5	36.8	0.0	0.0	directional	982256.0	977151.0	136661877.0	2852089.0	38009283.0	71638716.0	16674650.0
CN_17_RG_2077_BL_ADL_M__SRR17643162__R1__ec4b689cbe3964172767da5940443c34_val_1	2588024.0	455278.0	77.0	356675.0	505055.0	13337902.0	651902.0	70.0373781799327	0.7	0.5	37.8	0.0	0.0	directional	1297164.0	1290783.0	180789657.0	3695204.0	50298437.0	94339918.0	21951670.0
CN_17_RG_2079_BL_ADL_F__SRR17643160__R1__8709fd6d07af18d59c4849d38f090ec9_val_1	14715798.0	2729146.0	430.0	1865092.0	2541570.0	75918543.0	4159822.0	68.11366529033455	0.7	0.5	37.9	0.0	0.0	directional	7389805.0	7325563.0	1023512032.0	21604766.0	284656754.0	533893691.0	124636382.0
CN_17_RG_2081_BL_ADL_F__SRR17643159__R1__8cdbffccf62924da751171aa968299c0_val_1	14192936.0	2582286.0	400.0	1815769.0	2694095.0	72053590.0	3708243.0	69.28972222229002	0.6	0.5	38.3	0.0	0.0	directional	7138339.0	7054197.0	1013233586.0	20483465.0	278496609.0	542215715.0	115957808.0
CN_17_RG_2082_BL_ADL_F__SRR17643157__R1__32cec8f00e76b1931b6c2b15dd533ba9_val_1	17664575.0	3289232.0	367.0	2352115.0	3392145.0	95178283.0	4775866.0	68.65448698084892	0.7	0.5	39.1	0.0	0.0	directional	8879788.0	8784420.0	1240380205.0	25729673.0	344879865.0	646519540.0	148058257.0
CN_17_RG_2086_BL_ADL_F__SRR17643156__R1__fbbdba2e20a5e336f7be9473daced88a_val_1	2033875.0	401527.0	73.0	272100.0	378662.0	10783227.0	620737.0	66.55047430761493	0.7	0.5	39.4	0.0	0.0	directional	1018349.0	1015453.0	141574812.0	3056139.0	39351746.0	74234966.0	16554111.0
CN_17_RG_2087_BL_ADL_M__SRR17643272__R1__6ccaa1e00e6095a9ba2f8eed78c0b38a_val_1	18810570.0	3519511.0	574.0	2495315.0	3515631.0	96601765.0	4659561.0	69.69551504240033	0.7	0.5	36.8	0.0	0.0	directional	9457536.0	9352460.0	1323912387.0	26989642.0	367153711.0	688094524.0	166051441.0
CN_17_RG_2091_BL_ADL_F__SRR17643271__R1__f3e2650773095cc4bfc151c931869ab4_val_1	2372201.0	443301.0	49.0	322797.0	453611.0	12304887.0	634930.0	68.75084047446812	0.7	0.5	38.6	0.0	0.0	directional	1192177.0	1179975.0	165700082.0	3450432.0	45999684.0	87009631.0	19609472.0
CN_17_RG_2093_BL_ADL_M__SRR17643269__R1__37ba84630d1f4efd2b9d2560ed0665fb_val_1	2249445.0	407049.0	79.0	301740.0	430488.0	11204295.0	605619.0	68.95668543670928	0.7	0.5	37.2	0.0	0.0	directional	1130480.0	1118886.0	157826931.0	3262113.0	43766088.0	83200819.0	18923501.0
CN_17_RG_2094_BL_ADL_F__SRR17643267__R1__fbef794847220ed54548ad391a8f172e_val_1	2290304.0	426444.0	69.0	313879.0	447639.0	12078110.0	641810.0	68.1930757188055	0.7	0.5	39.1	0.0	0.0	directional	1148635.0	1141600.0	160722009.0	3358558.0	44542840.0	84544830.0	18794711.0
CN_17_RG_2099_BL_ADL_M__SRR17643265__R1__2a8e6ac49b7aef13efedce9ddb76c033_val_1	16171539.0	2789238.0	393.0	2078673.0	2962515.0	81759447.0	4468670.0	69.0222820880066	0.7	0.5	37.0	0.0	0.0	directional	8123316.0	8047830.0	1127696513.0	23429447.0	312525892.0	588964711.0	139405275.0
CN_17_RG_2102_BL_ADL_F__SRR17643254__R1__b84c31d21811d7ddd65599285b329bb4_val_1	16223184.0	2793715.0	503.0	2084288.0	2938997.0	83958409.0	4163838.0	69.98562642766709	0.7	0.5	37.4	0.0	0.0	directional	8158877.0	8063804.0	1136208003.0	23180737.0	317446038.0	589070984.0	140709287.0
CN_17_RG_2105_BL_ADL_F__SRR17643253__R1__165e5010cdb731c05d2d214fe924f3a9_val_1	2527639.0	473641.0	64.0	326431.0	472238.0	13121664.0	750781.0	67.36668193827339	0.7	0.5	38.8	0.0	0.0	directional	1266346.0	1261229.0	174566125.0	3752061.0	48479502.0	91486737.0	20679553.0
CN_17_RG_2107_BL_ADL_F__SRR17643250__R1__3227d3a1cc4b8b747e2dc77ef1125665_val_1	2392293.0	420157.0	91.0	322839.0	458577.0	12218016.0	659822.0	68.89705069188128	0.7	0.5	37.9	0.0	0.0	directional	1201780.0	1190422.0	165804938.0	3472272.0	46119113.0	86643263.0	20043130.0
CN_17_RG_2111_BL_ADL_F__SRR17643248__R1__f0c3d70c2264678413504f47f83fea86_val_1	17182793.0	3050955.0	501.0	2321261.0	3365049.0	90017351.0	4016581.0	70.8559170475584	0.7	0.5	38.3	0.0	0.0	directional	8649165.0	8533127.0	1223105128.0	24250329.0	339520082.0	642958434.0	144922951.0
CN_17_RG_2113_BL_ADL_M__SRR17643155__R1__3efbeac594866d18d29ae820c9513dca_val_1	17252022.0	3144638.0	581.0	2265102.0	3194246.0	87535852.0	4092685.0	70.44705360637454	0.7	0.5	36.3	0.0	0.0	directional	8663871.0	8587570.0	1213887522.0	24489345.0	338867966.0	628535813.0	153488543.0
CN_17_RG_2114_BL_ADL_M__SRR17643153__R1__31f3ed127c6e58ce6e1d8cfdf7efeba4_val_1	1985517.0	359081.0	49.0	267692.0	380026.0	9600791.0	555535.0	68.46296359511787	0.7	0.5	35.4	0.0	0.0	directional	1000491.0	984977.0	138498154.0	2900133.0	38414956.0	72308437.0	17526252.0
CN_17_RG_2115_BL_ADL_F__SRR17643151__R1__517fb4f51c035b9bc0e0beb14c964ddc_val_1	2148910.0	388827.0	56.0	284114.0	389181.0	11222721.0	563961.0	69.28172891106742	0.7	0.5	38.8	0.0	0.0	directional	1076555.0	1072299.0	148492548.0	3101698.0	41493882.0	77369629.0	17733021.0
CN_17_RG_2116_BL_ADL_M__SRR17643149__R1__4e04f7ea01f8f2db298d513bf750e67e_val_1	15209632.0	2607344.0	507.0	1977663.0	2810504.0	76113496.0	4508665.0	68.12629478365257	0.7	0.5	37.0	0.0	0.0	directional	7605179.0	7603946.0	1053541663.0	22325641.0	293339390.0	549567675.0	129732935.0
CN_17_RG_2121_BL_ADL_F__SRR17643148__R1__6da42680924b3e24f144eeb6436f1847_val_1	19122982.0	3460541.0	553.0	2395705.0	3387820.0	97404303.0	5556911.0	67.95553330840598	0.6	0.5	38.0	0.0	0.0	directional	9591739.0	9530690.0	1330441072.0	28140434.0	369840722.0	698430752.0	158981770.0
CN_17_RG_2122_BL_ADL_F__SRR17643146__R1__d086543f481b14e37a21c18d268043d1_val_1	2805180.0	513536.0	60.0	376653.0	543700.0	14601903.0	774199.0	68.53746046521856	0.7	0.5	38.5	0.0	0.0	directional	1410019.0	1395101.0	197563156.0	4092915.0	54903845.0	103796318.0	23340737.0
CN_17_RG_2123_BL_ADL_M__SRR17643144__R1__9ddcfc422bce5ca5643ee433b134a58b_val_1	18204711.0	3156844.0	428.0	2507651.0	3556082.0	96404523.0	4778057.0	69.64415156583044	0.7	0.5	38.4	0.0	0.0	directional	9175216.0	9029067.0	1274396628.0	26139612.0	354098814.0	663394020.0	154435538.0
DE_06_R_U085067_BL_ADL_F__SRR17643235__R1__05710342cf7e8b7d57e35046a899c7c4_val_1	18347231.0	3146583.0	456.0	2528403.0	3570226.0	87773974.0	5763467.0	67.31130298726421	0.7	0.5	36.1	0.0	0.0	directional	9177728.0	9169047.0	1291714010.0	27257281.0	360984747.0	681694562.0	155162098.0
DE_06_R_U149791_BL_ADL_M__SRR17643234__R1__44c08baad7f4ad8d3cb6b7e6a01c8e05_val_1	18094863.0	3058568.0	476.0	2402497.0	3290864.0	84779093.0	5420231.0	68.09322328251184	0.7	0.5	34.4	0.0	0.0	directional	9055238.0	9039149.0	1258464302.0	26573662.0	353050567.0	653285103.0	161656178.0
DE_06_R_U168348_BL_CHK_U__SRR17643231__R1__2f999eab6cd68b59d28d513c5aead658_val_1	18176555.0	2869167.0	349.0	2278193.0	3238782.0	86828070.0	4474392.0	71.22442713226124	0.6	0.5	36.3	0.0	0.0	directional	9100986.0	9075220.0	1293519897.0	25520114.0	361489161.0	687398552.0	152287139.0
DE_07_R_U149791_BL_ADL_M__SRR17643233__R1__940be4085e6b0d9c7f984db0a5dd2bb8_val_1	15624963.0	2460335.0	369.0	1760699.0	2732175.0	65201409.0	4867786.0	68.07347979905445	0.6	0.5	34.7	0.0	0.0	directional	7822531.0	7802063.0	1038742643.0	22953084.0	285005586.0	561193406.0	122849368.0
DE_07_R_U150702_BL_ADL_M__SRR17643232__R1__6dd25ba4ebba2668ad4f279698d46c9d_val_1	18544962.0	3101850.0	526.0	2532114.0	3583048.0	86691837.0	6050336.0	66.95621513088639	0.7	0.5	35.2	0.0	0.0	directional	9262631.0	9281805.0	1300762073.0	27697148.0	362082101.0	686535171.0	159337802.0
DE_07_R_U170608_BL_YRL_M__SRR17643230__R1__0c0141d8d5e918972aa448cee61b4ef9_val_1	15686562.0	2791666.0	303.0	1836915.0	2598963.0	70498378.0	4888889.0	67.13092590754778	0.6	0.5	34.7	0.0	0.0	directional	7875922.0	7810337.0	1019681060.0	23367117.0	284291411.0	527926318.0	132529075.0
DE_07_R_ZD007779_BL_CHK_F__SRR17643027__R1__f11b8c27f0d28aa161cc9c80d764b434_val_1	17141435.0	3136158.0	412.0	2157817.0	3112118.0	81769175.0	6632079.0	63.69990314263214	0.6	0.5	36.8	0.0	0.0	directional	8581551.0	8559472.0	1199814354.0	26909672.0	334690072.0	637531197.0	140553975.0
DE_08_R_90037526_BL_CHK_U__SRR17643132__R1__55975549d33d42d135a1a18acee3dfcc_val_1	17264103.0	2880096.0	436.0	2175706.0	3234411.0	83281315.0	4774943.0	69.28048726557279	0.6	0.5	37.5	0.0	0.0	directional	8653975.0	8609692.0	1224021896.0	24919142.0	338734172.0	657602823.0	138993469.0
DE_08_R_90039469_BL_CHK_U__SRR17643131__R1__37c1019ab29bc6cad3d8f25bb8dbbefe_val_1	16307112.0	2752918.0	331.0	2115040.0	3093976.0	79239876.0	4580057.0	68.98076136521833	0.7	0.5	38.0	0.0	0.0	directional	8168104.0	8138677.0	1149358659.0	23640087.0	318043370.0	617358259.0	129508138.0
DE_08_R_U170608_BL_ADL_M__SRR17643229__R1__6bf267b2c367aeafeec6ce33515606cf_val_1	18125639.0	3063424.0	382.0	2515777.0	3508312.0	90872703.0	5774115.0	67.2236744496513	0.7	0.5	36.7	0.0	0.0	directional	9091012.0	9034245.0	1279102628.0	26963178.0	358883641.0	666439754.0	156882441.0
DE_08_R_U184095_BL_ADL_F__SRR17643228__R1__936930d54f4e0563f5763e60bf2d15fb_val_1	17029272.0	3391942.0	539.0	2267524.0	3278856.0	86703655.0	4529469.0	68.25172681645628	0.7	0.5	37.7	0.0	0.0	directional	8576142.0	8452591.0	1188244310.0	24950683.0	331069483.0	621777359.0	143147433.0
DE_08_R_U240585_BL_YRL_F__SRR17643227__R1__439b8a36e4067f0457eb4f5814facd68_val_1	2850691.0	512161.0	65.0	375390.0	548751.0	13862366.0	702536.0	70.12100690020239	0.7	0.5	36.6	0.0	0.0	directional	1432522.0	1418104.0	201478795.0	4065388.0	55844595.0	106808879.0	24038814.0
DE_08_R_ZD007779_BL_YRL_F__SRR17643026__R1__dd023d2c4bb33c293e2039b21aee8d36_val_1	19349009.0	3225969.0	511.0	2410717.0	3575610.0	89616628.0	6633612.0	66.24424184803169	0.6	0.5	35.8	0.0	0.0	directional	9676131.0	9672367.0	1382610341.0	29208590.0	384043852.0	742095468.0	160868066.0
DE_09_R_U240585_BL_ADL_F__SRR17643224__R1__56b3f7ff1354199502017413cf7ec4e6_val_1	17110468.0	3007043.0	367.0	2243890.0	3230630.0	82402464.0	4954884.0	68.24425029998132	0.7	0.5	37.2	0.0	0.0	directional	8589045.0	8521056.0	1206232240.0	25072395.0	335418090.0	643815022.0	139122144.0
DE_09_R_U241924_BL_ADL_F__SRR17643223__R1__34a7531b2ff36347512da4b5647f69db_val_1	17265051.0	3178080.0	549.0	2285486.0	3170649.0	83545129.0	5883105.0	65.58116017800646	0.7	0.5	35.9	0.0	0.0	directional	8637606.0	8626896.0	1193205014.0	26326236.0	335298779.0	619581929.0	149323042.0
DE_09_R_ZD007739_BL_ADL_M__SRR17643028__R1__d7286b2ea07222521de2e5264ad61c42_val_1	19726283.0	3224367.0	465.0	2394823.0	3420433.0	90864198.0	5024924.0	70.5125228172262	0.6	0.5	34.8	0.0	0.0	directional	9877939.0	9847879.0	1394009774.0	27975574.0	389718015.0	737034295.0	170578010.0
DE_19_R_19DE043_BL_ADL_M__SRR17643067__R1__1b37b6550c557cceaa9b9198f7ec7d3c_val_1	19860684.0	3405013.0	426.0	2591818.0	3537051.0	100919566.0	5684534.0	68.60285156273883	0.7	0.5	38.1	0.0	0.0	directional	9957819.0	9902439.0	1386987815.0	28950231.0	389860932.0	726096511.0	163981937.0
DE_19_R_19DE044_BL_ADL_F__SRR17643066__R1__ad79a43c687e15ed02a5637394240fa3_val_1	19205212.0	3296890.0	460.0	2594346.0	3739805.0	95591881.0	5512135.0	68.55518499397289	0.7	0.5	38.1	0.0	0.0	directional	9616615.0	9588137.0	1369866194.0	28014237.0	379921454.0	732966061.0	155052647.0
DE_19_R_19DE054_BL_ADL_M__SRR17643065__R1__7c1f8d71e72bc6616de60697819d555d_val_1	20788950.0	3552603.0	493.0	2685822.0	3872137.0	102638315.0	6439416.0	67.53832213664228	0.6	0.5	38.0	0.0	0.0	directional	10404192.0	10384265.0	1489850892.0	30780969.0	415023985.0	798363342.0	167267291.0
DE_19_R_19DE057_BL_ADL_F__SRR17643064__R1__8d55184eac4dd1eb376af8106b199884_val_1	17545921.0	3015538.0	370.0	2267781.0	3263466.0	91099751.0	5226342.0	68.03961687155876	0.7	0.5	39.7	0.0	0.0	directional	8786808.0	8758743.0	1234921482.0	25787801.0	343896573.0	655748971.0	138644940.0
DE_19_R_19DE108_BL_ADL_M__SRR17643063__R1__e79f88f8d42ea42721e1b8eb873df071_val_1	17869455.0	3160218.0	381.0	2342998.0	3216660.0	90908484.0	5306753.0	67.850721278582	0.7	0.5	37.8	0.0	0.0	directional	8969059.0	8900015.0	1250175131.0	26336426.0	350148932.0	653798587.0	149759470.0
DE_19_R_19DE110_BL_ADL_F__SRR17643062__R1__c4eb351aa1b150227f670c33a744575b_val_1	18775722.0	3407440.0	489.0	2296057.0	3172136.0	95469494.0	5713774.0	67.30388598948645	0.6	0.5	37.9	0.0	0.0	directional	9434277.0	9340956.0	1290626610.0	27896936.0	362473206.0	671073894.0	156141823.0
DE_20_R_20DE008_BL_ADL_F__SRR17643259__R1__07cc622bdc794b70f452c5fbee9a1c16_val_1	18606819.0	3408913.0	408.0	2356578.0	3254388.0	92131872.0	5919974.0	66.60586634180643	0.6	0.5	36.9	0.0	0.0	directional	9321870.0	9284541.0	1295583183.0	27935706.0	363796037.0	676235958.0	157808350.0
DE_20_R_20DE071_BL_ADL_M__SRR17643258__R1__0bd8241392428447f4cdfb842353ce5c_val_1	19263694.0	3138658.0	357.0	2474991.0	3496050.0	92112266.0	5949714.0	67.94458647211106	0.6	0.5	36.4	0.0	0.0	directional	9649276.0	9614061.0	1364650690.0	28352066.0	382002543.0	723903083.0	160661757.0
DE_20_R_20DE078_BL_ADL_M__SRR17643257__R1__a0d88e9fdcf96063dbc4096f783f8918_val_1	17734872.0	3059128.0	350.0	2218569.0	3021569.0	87558245.0	5705352.0	66.92568180535132	0.6	0.5	36.3	0.0	0.0	directional	8870416.0	8864106.0	1231352784.0	26499352.0	347374130.0	637436400.0	153743871.0
DE_20_R_20DE139_BL_ADL_F__SRR17643256__R1__9ee71c866a868115e51f179a63560eef_val_1	15234062.0	2641424.0	369.0	1920268.0	2781183.0	75611908.0	4463368.0	68.1953604244873	0.6	0.5	38.1	0.0	0.0	directional	7654592.0	7579101.0	1078656353.0	22338854.0	298944185.0	576707028.0	122691781.0
DE_20_R_20DE145_BL_ADL_M__SRR17643255__R1__b1bad1738e1f532f23075c9066ee956d_val_1	19745733.0	3167080.0	362.0	2504833.0	3463911.0	93191306.0	6044305.0	68.18956568813236	0.6	0.5	35.2	0.0	0.0	directional	9892035.0	9853336.0	1396247854.0	28957118.0	391980189.0	733758870.0	171348745.0
EG_15_S_1602_BL_ADL_U__SRR17643247__R1__5e06e72bfec4e1523a130d0abdeee8be_val_1	2412801.0	476281.0	54.0	341970.0	487318.0	12001752.0	711368.0	67.01387326584177	0.7	0.6	37.3	0.0	0.0	directional	1210461.0	1202286.0	166980377.0	3600450.0	46224261.0	87744116.0	20180960.0
EG_15_S_1603_BL_ADL_U__SRR17643225__R1__a3b221ad7b1daf08e344f4206f171e3a_val_1	1912716.0	357331.0	65.0	251089.0	356116.0	9890621.0	557136.0	67.65448151039392	0.7	0.5	38.8	0.0	0.0	directional	960119.0	952532.0	133837046.0	2827183.0	37212910.0	70525674.0	15600636.0
EG_15_S_1605_BL_ADL_U__SRR17643203__R1__8f98d91dea712a0ee6823e5b1bf672e8_val_1	19157349.0	3405332.0	531.0	2485381.0	3687088.0	92158147.0	5587341.0	68.05447256844062	0.7	0.5	37.3	0.0	0.0	directional	9619717.0	9537101.0	1346217929.0	28150022.0	370278115.0	722532474.0	155076724.0
EG_15_S_1608_BL_ADL_U__SRR17643098__R1__68e7c8337a94a62a86470db26daf0f22_val_1	1974694.0	359827.0	52.0	271448.0	380990.0	9753458.0	612315.0	67.01065142410368	0.7	0.5	37.0	0.0	0.0	directional	992959.0	981683.0	134822102.0	2946836.0	37536975.0	70264260.0	16614971.0
EG_15_S_1609_BL_ADL_U__SRR17643186__R1__e0eaad7ce04b69c0e2d02d8a14d2392c_val_1	8744134.0	1643040.0	245.0	1163276.0	1657039.0	44397884.0	3168496.0	64.5053619629277	0.7	0.5	38.1	0.0	0.0	directional	4377257.0	4366632.0	609621688.0	13555670.0	169650720.0	320773173.0	71979596.0
EG_15_S_1610_BL_ADL_U__SRR17643175__R1__32bae611a8b9073819c32d28c36cb1f5_val_1	2314449.0	440173.0	65.0	307896.0	443097.0	11999047.0	701449.0	66.96763463482087	0.7	0.5	39.1	0.0	0.0	directional	1165273.0	1149111.0	160899097.0	3456071.0	44663401.0	84792953.0	18692703.0
EG_15_S_1611_BL_ADL_U__SRR17643030__R1__b0b915f6a9fcc79e26288f21380e6142_val_1	2047972.0	358824.0	35.0	281825.0	404387.0	10759027.0	606517.0	67.96413117389399	0.7	0.5	39.8	0.0	0.0	directional	1028076.0	1019861.0	142982051.0	3013313.0	39625177.0	75654364.0	16257271.0
EG_15_S_1612_BL_ADL_U__SRR17643024__R1__bf9326dfe9811282774513c64e7d0899_val_1	1981981.0	354248.0	46.0	278525.0	394954.0	10563172.0	589008.0	67.75454433264724	0.7	0.5	39.7	0.0	0.0	directional	994411.0	987524.0	138435438.0	2925237.0	38343938.0	72814958.0	16039891.0
FI_18_R_18FI002_BL_ADL_M__SRR17643016__R1__8ceb7d2dddb00fbf82e0e73a8ef485ec_val_1	14420000.0	2631267.0	451.0	1927806.0	2755186.0	73939885.0	4934216.0	65.58873416608587	0.7	0.5	39.6	0.0	0.0	directional	7232655.0	7186894.0	1009067330.0	21985483.0	279853591.0	537633649.0	112957213.0
FI_18_R_18FI020_BL_ADL_F__SRR17643015__R1__5f9e56d99128b818b096e88f96237234_val_1	19654835.0	3315438.0	491.0	2574853.0	3648001.0	97222434.0	5930271.0	68.00852952802549	0.7	0.5	37.0	0.0	0.0	directional	9830826.0	9823518.0	1393081024.0	28900544.0	389275977.0	734843581.0	165516178.0
FI_18_R_18FI082_BL_ADL_M__SRR17643014__R1__f7cae2daa17f2abeb35a884093518118_val_1	16790825.0	2840678.0	507.0	2143220.0	3086140.0	82201911.0	5156729.0	67.73708185400234	0.6	0.5	37.5	0.0	0.0	directional	8406954.0	8383364.0	1191064294.0	24788232.0	331335585.0	635418033.0	136879405.0
FI_19_R_19FI037_BL_ADL_M__SRR17643061__R1__206464b003f521019877ca1103f4640e_val_1	21155120.0	3462085.0	537.0	2651953.0	3812258.0	99260498.0	5820420.0	69.50318889860822	0.6	0.5	35.6	0.0	0.0	directional	10588852.0	10565731.0	1499323778.0	30437625.0	418205721.0	796207347.0	179186001.0
FI_19_R_19FI052_BL_ADL_F__SRR17643060__R1__f019dbb227c82fd35d4f3747ce20e428_val_1	19468541.0	3326306.0	570.0	2547228.0	3615908.0	96455605.0	5884474.0	67.88354926534001	0.7	0.5	37.5	0.0	0.0	directional	9745408.0	9722563.0	1383391949.0	28679321.0	385215191.0	735041229.0	160516788.0
FI_19_R_19FI067_BL_ADL_M__SRR17643059__R1__159f90595c58c8d4e052e5a37b00eb77_val_1	20885658.0	3467984.0	467.0	2733540.0	3800373.0	98887864.0	6540478.0	67.60399066230079	0.7	0.5	35.3	0.0	0.0	directional	10442886.0	10442305.0	1474667304.0	30894120.0	413193024.0	774966949.0	181085554.0
FI_19_R_19FI092_BL_ADL_M__SRR17643057__R1__96076ffa9c95e658ab83bdec0b1aa06f_val_1	18664069.0	3034498.0	439.0	2387648.0	3306764.0	90224769.0	5047946.0	69.78131691409642	0.7	0.5	35.8	0.0	0.0	directional	9348275.0	9315355.0	1302448511.0	26746513.0	364850994.0	680079156.0	161599180.0
FI_19_R_19FI106_BL_ADL_M__SRR17643056__R1__5bc8b3cd4f7fe631ebfd21cdfae53f56_val_1	16974150.0	2866678.0	557.0	2220367.0	3195170.0	84281394.0	5159719.0	67.89511445489572	0.7	0.5	38.0	0.0	0.0	directional	8505130.0	8468463.0	1203554225.0	25000547.0	334915578.0	641279246.0	137662470.0
IL_15_TV_X242014_BL_ADL_F__SRR17643168__R1__818def9d5d145c163d3fc153d04bf16a_val_1	25880623.0	4810373.0	488.0	3298514.0	4746918.0	131079928.0	7490048.0	67.78395844807177	0.7	0.5	38.8	0.0	0.0	directional	13026378.0	12853757.0	1812493017.0	38181044.0	501210994.0	965286263.0	206870400.0
IL_15_TV_X242015_BL_ADL_F__SRR17643167__R1__00a17e54da499fa20a8a94c08ff01ccc_val_1	1739286.0	327017.0	48.0	227784.0	328923.0	8815924.0	489766.0	68.04534619370604	0.7	0.5	38.2	0.0	0.0	directional	877651.0	861587.0	121765344.0	2556069.0	33504785.0	64628329.0	14259599.0
IL_15_TV_X242018_BL_ADL_M__SRR17643165__R1__48b3779e0fb0c8d4abe59187264d13a7_val_1	19063382.0	3360355.0	415.0	2444924.0	3559143.0	92400662.0	5650064.0	67.90452778375112	0.7	0.5	37.4	0.0	0.0	directional	9571742.0	9491225.0	1338049143.0	28073801.0	370076587.0	715230363.0	154337464.0
IL_15_TV_X242019_BL_ADL_F__SRR17643041__R1__e276d67405e77f46da71f6c879372802_val_1	2420571.0	483567.0	52.0	332150.0	474433.0	12482410.0	734284.0	66.52804430052369	0.7	0.5	39.3	0.0	0.0	directional	1216928.0	1203591.0	168955300.0	3638422.0	46653765.0	89737566.0	19274976.0
IL_15_TV_X242047_BL_ADL_M__SRR17643038__R1__ef70a6dca61149fd0365207c34f92b20_val_1	2543765.0	454851.0	72.0	345667.0	499042.0	12775721.0	750080.0	67.85732958874232	0.7	0.5	38.5	0.0	0.0	directional	1278845.0	1264848.0	177732197.0	3748696.0	49151109.0	94529761.0	20430897.0
IL_15_TV_X242048_BL_ADL_F__SRR17643036__R1__dafb29d22104bf35ad69436c6663acf5_val_1	7777615.0	1442846.0	208.0	1027505.0	1478347.0	39246203.0	2823492.0	64.57692918595747	0.7	0.5	37.5	0.0	0.0	directional	3907034.0	3870373.0	537793589.0	12043953.0	148775229.0	281840709.0	65425596.0
IL_15_TV_X242072_BL_ADL_M__SRR17643034__R1__d7f55ea1a690cf9bf823e8883ac0cf40_val_1	2581011.0	447334.0	65.0	347441.0	504017.0	13044718.0	765785.0	68.02642503024408	0.7	0.5	38.3	0.0	0.0	directional	1297962.0	1282984.0	180849607.0	3794130.0	49948860.0	96028941.0	20975630.0
IL_15_TV_X242077_BL_ADL_M__SRR17643032__R1__5866792e5b93a77dcf84fc225922b7c7_val_1	2452669.0	425478.0	56.0	326874.0	472704.0	12214759.0	713763.0	68.28314183818637	0.7	0.5	37.9	0.0	0.0	directional	1231060.0	1221553.0	172873569.0	3591910.0	47872862.0	91984379.0	20001991.0
RU_13_RT_VN96011_BL_ADL_F__SRR17643222__R1__10baf97304f33b1b504feaa5a5675044_val_1	13615275.0	2617985.0	283.0	1735021.0	2418264.0	67204281.0	4285339.0	66.35577312076715	0.7	0.5	37.4	0.0	0.0	directional	6819081.0	6795911.0	938940263.0	20518599.0	260050699.0	495052115.0	112479883.0
RU_13_RT_VN96022_BL_ADL_M__SRR17643221__R1__ad92ff284dc52bc0cad8c50e691c27fb_val_1	16642331.0	3040891.0	335.0	2255667.0	3171503.0	86824792.0	4996810.0	67.43237204878827	0.7	0.5	38.4	0.0	0.0	directional	8373437.0	8268559.0	1157036703.0	24680032.0	320858576.0	604450045.0	139476120.0
RU_13_RT_VN96023_BL_ADL_M__SRR17643220__R1__bfb6317a126f8da393c76b210d01838e_val_1	20310755.0	3734287.0	761.0	2662690.0	3703523.0	105851265.0	5779518.0	68.100769969448	0.7	0.5	37.4	0.0	0.0	directional	10231984.0	10078010.0	1400857538.0	29824560.0	388926654.0	722852215.0	176861191.0
RU_13_RT_VN96026_BL_ADL_M__SRR17643219__R1__e9b74ae1c40e87e5dc98c5e2ae4b8735_val_1	14727826.0	2643254.0	409.0	1888816.0	2762785.0	72173724.0	4129756.0	68.49885278879388	0.7	0.5	36.3	0.0	0.0	directional	7402436.0	7324981.0	1031039993.0	21500836.0	285137395.0	542550244.0	126527029.0
RU_13_RT_VN96034_BL_ADL_M__SRR17643217__R1__2e0dcf5b153e4200ebebf865ed1576ff_val_1	16327994.0	2948168.0	550.0	2164546.0	3089601.0	85125262.0	4541583.0	68.55390382254912	0.7	0.5	38.1	0.0	0.0	directional	8221223.0	8106221.0	1142917732.0	23817745.0	317034469.0	596938672.0	138565182.0
RU_13_RT_VN96035_BL_ADL_F__SRR17643216__R1__7eb03ef2de59f51a28db5dce0e6aa75d_val_1	14844199.0	2699825.0	339.0	1853851.0	2748706.0	76760427.0	4396907.0	67.65528317827534	0.6	0.5	39.2	0.0	0.0	directional	7429917.0	7413943.0	1050268270.0	21940931.0	290252434.0	559623614.0	119029238.0
RU_13_RT_VN96037_BL_ADL_M__SRR17643213__R1__3a9baefd0627e5bbdcbfd4e7a393f182_val_1	12259176.0	2133980.0	354.0	1566476.0	2277694.0	61220547.0	3171259.0	69.79552692190431	0.7	0.5	36.9	0.0	0.0	directional	6159341.0	6099481.0	863679562.0	17564415.0	238114214.0	456019928.0	104480703.0
RU_13_RT_VN96053_BL_ADL_F__SRR17643211__R1__55e85e996824566786aac3263d077f26_val_1	16381372.0	3080732.0	441.0	2011907.0	2990277.0	82257419.0	4992949.0	66.98563278517533	0.6	0.5	37.8	0.0	0.0	directional	8237484.0	8143447.0	1157667730.0	24455053.0	317935680.0	617397254.0	135075193.0
RU_13_RT_VN96054_BL_ADL_F__SRR17643209__R1__a2d6746af03096218630b8f706e10a46_val_1	13929659.0	2649641.0	385.0	1953873.0	2747664.0	72280148.0	4453796.0	66.22733524346583	0.7	0.5	38.7	0.0	0.0	directional	7001242.0	6928032.0	964811723.0	21033096.0	266943444.0	506335595.0	114550999.0
RU_13_RT_VN96055_BL_ADL_F__SRR17643208__R1__38ddf0b3c58ca5ebcdf406820234a48b_val_1	15243254.0	2839100.0	514.0	1980653.0	2858891.0	78567070.0	3764682.0	69.7726410118059	0.7	0.5	37.3	0.0	0.0	directional	7673989.0	7568751.0	1064294334.0	21847036.0	295720626.0	553161743.0	132005351.0
RU_13_RT_VN96056_BL_ADL_M__SRR17643207__R1__e64d30f188bbaa6ed94ed073adb9996b_val_1	16462577.0	2916769.0	382.0	2113022.0	2989051.0	80619595.0	4907718.0	67.78331460731523	0.7	0.5	36.7	0.0	0.0	directional	8259917.0	8202278.0	1137354975.0	24287064.0	316307916.0	596089472.0	139235919.0
RU_13_RT_VN96076_BL_ADL_F__SRR17643206__R1__0be116acce09590781dcee0531b772aa_val_1	12676194.0	2257200.0	276.0	1595286.0	2365340.0	63383005.0	3412013.0	69.09737134749858	0.6	0.5	37.4	0.0	0.0	directional	6362901.0	6313017.0	895019501.0	18345407.0	247174406.0	474494672.0	106006792.0
RU_13_RT_VN96078_BL_ADL_F__SRR17643204__R1__5b6cc0a6fc569eb9a2d0138073682293_val_1	13777847.0	2412267.0	322.0	1650711.0	2453047.0	68400591.0	3996843.0	68.2512327142719	0.6	0.5	37.5	0.0	0.0	directional	6916542.0	6860983.0	968010894.0	20186957.0	266717676.0	515022336.0	113766533.0
RU_13_RT_VN96091_BL_ADL_M__SRR17643201__R1__d19771f42d12acfbc9eb26cbe0bcadc7_val_1	19128639.0	3344663.0	522.0	2432147.0	3534050.0	98779315.0	5537943.0	68.28914244975545	0.7	0.5	38.4	0.0	0.0	directional	9618114.0	9510003.0	1342895651.0	28011245.0	370558008.0	708942134.0	158649997.0
RU_13_RT_VN96136_BL_ADL_M__SRR17643088__R1__2c206c6edb9b407a5490c45c938c1596_val_1	19507086.0	3554260.0	620.0	2469798.0	3381641.0	97492111.0	5834294.0	67.50875218545082	0.6	0.5	37.3	0.0	0.0	directional	9788446.0	9718020.0	1356592351.0	28895640.0	379450679.0	709710568.0	164087554.0
RU_13_RT_VN96137_BL_ADL_F__SRR17643087__R1__5749ca6140f33ff8d530ec7e25f2a9fe_val_1	13651125.0	2369212.0	307.0	1631642.0	2436969.0	67174169.0	3388678.0	70.33394018192062	0.6	0.5	37.0	0.0	0.0	directional	6859603.0	6791215.0	967228498.0	19409015.0	266282530.0	515148945.0	114554243.0
RU_13_RT_VN96138_BL_ADL_M__SRR17643084__R1__f6eba889de27472848b1c777a49a13f9_val_1	16865840.0	3013083.0	453.0	2035195.0	2893249.0	79067992.0	4798251.0	68.34591351505647	0.6	0.5	34.7	0.0	0.0	directional	8444176.0	8421211.0	1175047083.0	24677174.0	326377090.0	615614872.0	149058685.0
RU_13_RT_VN96141_BL_ADL_M__SRR17643083__R1__6b2aca545aeb9f55d403ae24aeaa20cf_val_1	14547026.0	2573588.0	407.0	1848207.0	2656703.0	70769495.0	3933554.0	69.0933310686986	0.7	0.5	36.1	0.0	0.0	directional	7311895.0	7234724.0	1015461145.0	21054168.0	280285236.0	534531752.0	125369752.0
RU_13_RT_VN96144_BL_ADL_M__SRR17643081__R1__1438494c90c979ff36d426d55571dcd2_val_1	17515680.0	3103914.0	395.0	2282405.0	3348158.0	88526850.0	4705108.0	69.16440714682447	0.7	0.5	37.6	0.0	0.0	directional	8808627.0	8706658.0	1228139853.0	25324702.0	340724923.0	646153388.0	147104129.0
RU_13_RT_VN96145_BL_ADL_F__SRR17643080__R1__77df01f3475c8c4bbe15ef21464c5983_val_1	13227897.0	2562977.0	324.0	1635142.0	2413534.0	66360724.0	3650514.0	68.03987966291297	0.6	0.5	37.8	0.0	0.0	directional	6644618.0	6582955.0	933357495.0	19441388.0	257093130.0	496817546.0	109037419.0
RU_13_RT_VN96151_BL_ADL_M__SRR17643078__R1__7e217d48a5868066b5dbbaa73762c0fd_val_1	12162019.0	2045371.0	283.0	1492978.0	2182912.0	58962339.0	3296340.0	69.4824417424172	0.6	0.5	36.0	0.0	0.0	directional	6103692.0	6058044.0	864149950.0	17503730.0	238996774.0	457788114.0	104726833.0
RU_13_RT_VN96152_BL_ADL_M__SRR17643076__R1__81b3f3e338e23aeab46c7ab4618cbd8a_val_1	13704756.0	2378931.0	381.0	1678879.0	2449265.0	65553493.0	3422785.0	70.25748172196387	0.6	0.5	35.8	0.0	0.0	directional	6888942.0	6815433.0	964746753.0	19506472.0	265734414.0	511973033.0	117357669.0
RU_13_RT_VN96153_BL_ADL_F__SRR17643073__R1__41e6ddbfc7d8f5e8cdc735bcf96e254b_val_1	14389062.0	2490372.0	329.0	1793133.0	2600257.0	69401162.0	4020400.0	68.84773343175836	0.6	0.5	36.5	0.0	0.0	directional	7206455.0	7182278.0	1000594365.0	20899834.0	276911556.0	529101800.0	120786457.0
RU_13_RT_VN96154_BL_ADL_M__SRR17643072__R1__0937ef0b53fd37c438901a908f039d8f_val_1	15248075.0	2618295.0	332.0	1969301.0	2840124.0	76437488.0	3479686.0	71.43275085570842	0.7	0.5	37.2	0.0	0.0	directional	7671173.0	7576570.0	1084087536.0	21346056.0	299939234.0	573840666.0	129060723.0
RU_13_RT_VN96158_BL_ADL_M__SRR17643071__R1__793342708ec788fde5102c21404151d3_val_1	14192010.0	2550686.0	372.0	1736583.0	2565411.0	70503943.0	3954275.0	68.57046859658837	0.6	0.5	37.6	0.0	0.0	directional	7140046.0	7051592.0	1000896505.0	20696971.0	275488883.0	533483591.0	117118094.0
RU_13_RT_VN96159_BL_ADL_M__SRR17643191__R1__8cd55e460a79c16630b3215634494d94_val_1	24640389.0	4207002.0	655.0	3143082.0	4641147.0	122671190.0	6131993.0	70.44260413505282	0.6	0.5	37.1	0.0	0.0	directional	12378564.0	12261170.0	1741034836.0	34979384.0	482906147.0	919304686.0	208368584.0
RU_13_RT_VN96161_BL_ADL_M__SRR17643190__R1__6fb43a342be416f2253c775c5335e3c6_val_1	2199244.0	381664.0	53.0	261299.0	384676.0	10532850.0	587630.0	69.40879358240298	0.6	0.5	35.2	0.0	0.0	directional	1102959.0	1096232.0	154540092.0	3168538.0	42689670.0	81284041.0	19387556.0
RU_13_RT_VN96163_BL_ADL_M__SRR17643188__R1__3f605f44691593bb9db351a56963a957_val_1	12735245.0	2277086.0	396.0	1538465.0	2274545.0	60655685.0	3524757.0	68.7014325011566	0.6	0.5	35.4	0.0	0.0	directional	6395057.0	6339792.0	898264099.0	18537088.0	247663944.0	475287180.0	110844280.0
RU_13_RT_VN96165_BL_ADL_F__SRR17643185__R1__6d798419a196b0100a53cc0746e4e00f_val_1	14962076.0	2783668.0	409.0	1989454.0	2809238.0	77729415.0	3765925.0	69.5533015127743	0.7	0.5	38.3	0.0	0.0	directional	7524902.0	7436765.0	1050866569.0	21511669.0	290665333.0	552381356.0	125291773.0
RU_13_RT_VN96166_BL_ADL_M__SRR17643184__R1__d11f00dbb79b789181bac6d0f9773bee_val_1	14779306.0	2915309.0	333.0	1999109.0	2721871.0	78045371.0	4347855.0	67.04922814911396	0.7	0.5	38.2	0.0	0.0	directional	7455206.0	7323767.0	1015151901.0	22042470.0	281639497.0	524478948.0	126267105.0
RU_13_RT_VN96171_BL_ADL_F__SRR17643183__R1__74947217ff527485376f8407152db93f_val_1	14480251.0	2782721.0	481.0	1719548.0	2568037.0	70944666.0	4274620.0	67.23245105580978	0.6	0.5	36.7	0.0	0.0	directional	7261275.0	7218495.0	1016129298.0	21537592.0	279883411.0	538499566.0	122514070.0
RU_13_RT_VN96180_BL_ADL_M__SRR17643181__R1__551c520a382eecd18341b812550a119e_val_1	14922146.0	2726322.0	262.0	1929664.0	2769475.0	73041530.0	3627985.0	70.13455673274112	0.7	0.5	36.0	0.0	0.0	directional	7503771.0	7418113.0	1045632076.0	21276453.0	289554813.0	548327553.0	130009041.0
RU_13_RT_VN96182_BL_ADL_M__SRR17643180__R1__799ac7dad174606d9258b6c156c9c65f_val_1	15584929.0	2795555.0	405.0	1862243.0	2707317.0	75372504.0	4412826.0	68.37501442309168	0.6	0.5	36.1	0.0	0.0	directional	7837115.0	7747409.0	1103575699.0	22793310.0	304479930.0	585532002.0	133621703.0
RU_13_RT_VN96190_BL_ADL_F__SRR17643178__R1__4cfc8bf2019ef2cc8e1f0f3ee62dab77_val_1	16214870.0	3227312.0	476.0	2068082.0	2852791.0	85308843.0	5353198.0	65.39472272657245	0.7	0.5	39.1	0.0	0.0	directional	8126786.0	8087608.0	1129775969.0	24795380.0	313770107.0	592658848.0	133117298.0
RU_13_RT_VN96194_BL_ADL_M__SRR17643177__R1__f7c870ffb2f3043b3370cee34f728082_val_1	12240334.0	2156371.0	264.0	1528567.0	2237792.0	61785223.0	3723856.0	67.5494207933187	0.6	0.5	37.6	0.0	0.0	directional	6147520.0	6092550.0	856389887.0	18120561.0	236780088.0	451681521.0	102376696.0
RU_13_RT_VN96198_BL_ADL_M__SRR17643174__R1__eb56442e069dfb023f67655d86468503_val_1	2499167.0	434417.0	77.0	307802.0	456113.0	11710691.0	668240.0	69.38614990626971	0.6	0.5	35.3	0.0	0.0	directional	1254771.0	1244319.0	176256694.0	3601824.0	48556651.0	93751446.0	21473991.0
RU_13_RT_VN96200_BL_ADL_M__SRR17643172__R1__f6c5008fdcc59665ef87dde17b743075_val_1	11323283.0	1953976.0	282.0	1443326.0	2136422.0	57315882.0	3289583.0	68.34907340819693	0.7	0.5	37.6	0.0	0.0	directional	5680391.0	5642610.0	797102805.0	16566842.0	220552067.0	420502927.0	95152181.0
RU_13_R_VN96102_BL_ADL_M__SRR17643199__R1__a8d776c15146ea9675d8b00a77bd0171_val_1	15365592.0	2683556.0	490.0	1942410.0	2888007.0	73458059.0	4278570.0	68.81846142986937	0.6	0.5	35.4	0.0	0.0	directional	7723490.0	7641612.0	1090583057.0	22327718.0	300508592.0	577812659.0	133973330.0
RU_13_R_VN96106_BL_ADL_M__SRR17643197__R1__8979fa0934ae99b221bed40f1d32725f_val_1	14299614.0	2502471.0	383.0	1818004.0	2653166.0	69523751.0	3842949.0	69.26418236947443	0.6	0.5	36.1	0.0	0.0	directional	7195636.0	7103595.0	1016975149.0	20645034.0	281119150.0	538869117.0	122991961.0
RU_13_R_VN96110_BL_ADL_M__SRR17643196__R1__ca608663807ebeb734e4978b62291a4d_val_1	20852281.0	3875537.0	570.0	2567635.0	3765953.0	101417220.0	6076718.0	67.69224181789332	0.6	0.5	36.1	0.0	0.0	directional	10491204.0	10360507.0	1459752068.0	30804536.0	402472211.0	770034436.0	179494613.0
RU_13_R_VN96113_BL_ADL_F__SRR17643194__R1__3753c9cea8b3f6f54a1826090b415014_val_1	15776778.0	2993029.0	364.0	2126102.0	3012101.0	84099716.0	4276297.0	68.45746248476532	0.7	0.5	39.2	0.0	0.0	directional	7945915.0	7830499.0	1106805385.0	23046104.0	307008840.0	579892377.0	130666249.0
RU_13_R_VN96116_BL_ADL_M__SRR17643193__R1__74339f33358263944d5fed441f7a02d5_val_1	15469712.0	2884385.0	408.0	1980394.0	2821326.0	78969219.0	4528177.0	67.60565842363394	0.7	0.5	37.6	0.0	0.0	directional	7783723.0	7685581.0	1080976964.0	22882274.0	299571066.0	566819165.0	130815794.0
RU_13_R_VN96117_BL_ADL_F__SRR17643095__R1__9675b7ab7bb77c4d7157ec82718eb85d_val_1	11678165.0	2254019.0	292.0	1462469.0	2142082.0	57274946.0	2978785.0	69.05674654125379	0.6	0.5	36.4	0.0	0.0	directional	5871290.0	5806583.0	818333638.0	16910969.0	225133449.0	432185277.0	100135415.0
RU_13_R_VN96118_BL_ADL_F__SRR17643093__R1__4bebe8f37d9d7296f6d837d176e69705_val_1	16243068.0	3027198.0	492.0	2131638.0	3073375.0	82391345.0	4625850.0	67.97367404811727	0.7	0.5	37.6	0.0	0.0	directional	8165429.0	8077147.0	1136582199.0	23896116.0	313505600.0	598618284.0	136861957.0
RU_13_R_VN96122_BL_ADL_F__SRR17643091__R1__a7746ed7407290ba77d789ab4553779e_val_1	14849436.0	2743835.0	377.0	1965258.0	2820749.0	76361190.0	3502794.0	70.38960109385329	0.7	0.5	38.3	0.0	0.0	directional	7454345.0	7394714.0	1047522624.0	21096065.0	289044352.0	554388878.0	122942197.0
RU_13_R_VN96123_BL_ADL_M__SRR17643090__R1__90a2a5d1e60680c4eaf23a92d4e85ed2_val_1	13640486.0	2361354.0	434.0	1758724.0	2454625.0	66345523.0	3781571.0	68.94911094957286	0.7	0.5	36.0	0.0	0.0	directional	6845961.0	6794091.0	945638797.0	19783411.0	262954106.0	494337653.0	117788166.0
RU_13_R_VN96124_BL_ADL_F__SRR17643089__R1__e35d40950417797f7d247d39e61d66cc_val_1	12721787.0	2408927.0	458.0	1734016.0	2688944.0	65360669.0	4105882.0	66.13325455293649	0.7	0.6	38.4	0.0	0.0	directional	6408060.0	6313269.0	898644066.0	19236596.0	248191854.0	475864276.0	104804307.0
RU_13_R_VN96298_BL_ADL_F__SRR17643170__R1__a8acda577c38c89dfae3554ca5c119f9_val_1	14237876.0	2570732.0	459.0	1844947.0	2616479.0	71859325.0	3577509.0	69.8410393700772	0.7	0.5	37.0	0.0	0.0	directional	7168251.0	7069166.0	992099769.0	20386117.0	275736394.0	517662075.0	122380549.0
RU_13_R_VN96300_BL_ADL_F__SRR17643169__R1__034fe3d7e171d95eb1654c54c797ad67_val_1	18526694.0	3313522.0	451.0	2367504.0	3382692.0	90422644.0	5633102.0	67.4352256978935	0.7	0.5	36.6	0.0	0.0	directional	9307945.0	9218298.0	1289459964.0	27473318.0	357177235.0	679261998.0	156847891.0
RU_13_T_NB019_BL_ADL_M__SRR17643130__R1__01db0c6c654c31dd32f1ab2a15a7c9c1_val_1	15983631.0	2786157.0	306.0	2187898.0	3116054.0	79220791.0	4008689.0	70.16988449227752	0.7	0.5	35.6	0.0	0.0	directional	8044789.0	7938536.0	1119098136.0	22778477.0	310349234.0	580828156.0	143396003.0
RU_13_T_NB027_BL_ADL_M__SRR17643128__R1__904ae72148c913cd5677dae9e2e4470f_val_1	13240521.0	2267009.0	306.0	1728095.0	2481521.0	67250824.0	3659274.0	69.08048415374833	0.7	0.5	37.5	0.0	0.0	directional	6661055.0	6579160.0	925221237.0	19166804.0	255239075.0	486603347.0	111918375.0
RU_13_T_NB028_BL_ADL_F__SRR17643246__R1__1e0d06451c09497a67db0f7ea8a1b2f2_val_1	2972754.0	511966.0	66.0	388373.0	561137.0	14981900.0	972498.0	66.69527943214804	0.7	0.5	37.9	0.0	0.0	directional	1489477.0	1483211.0	206815881.0	4457218.0	57111944.0	109266829.0	24505698.0
RU_13_T_NB029_BL_ADL_F__SRR17643245__R1__75d2297b437a4d60886f4d0342e9c409_val_1	11835301.0	2143814.0	293.0	1642699.0	2432295.0	58115827.0	4981346.0	62.42095590397301	0.7	0.5	37.3	0.0	0.0	directional	5932821.0	5902187.0	837654877.0	18960461.0	232256981.0	445656516.0	97550559.0
RU_13_T_NB031_BL_ADL_F__SRR17643243__R1__79076aba851a6eceb1f9454947833b12_val_1	20989169.0	3638719.0	501.0	2395267.0	3275034.0	103809308.0	5575904.0	69.49183400547851	0.6	0.4	37.3	0.0	0.0	directional	10522933.0	10465735.0	1458063184.0	30203792.0	405029757.0	768804133.0	174749685.0
RU_13_T_NB033_BL_ADL_F__SRR17643242__R1__0d2a5ca543904311d9b6d48fae8f0a2a_val_1	12145416.0	2170944.0	314.0	1572607.0	2290801.0	60416091.0	3094198.0	69.75891295385249	0.7	0.5	36.8	0.0	0.0	directional	6100889.0	6044213.0	853710979.0	17410558.0	236781452.0	448709971.0	103940057.0
RU_13_T_NB038_BL_ADL_M__SRR17643241__R1__7266583cbfae69b4111103901d3f9c26_val_1	16460867.0	3068791.0	447.0	2103252.0	3020757.0	85482683.0	5135179.0	66.73819494529803	0.7	0.5	38.6	0.0	0.0	directional	8283489.0	8176931.0	1147386985.0	24664837.0	316676291.0	603898587.0	136205415.0
RU_13_T_NB040_BL_ADL_F__SRR17643239__R1__f5417ab283b742066d750233f5720237_val_1	13547625.0	2559980.0	469.0	1724785.0	2507938.0	70216795.0	4174852.0	66.79479216941024	0.7	0.5	38.2	0.0	0.0	directional	6820191.0	6726965.0	945260595.0	20282457.0	260340887.0	496948169.0	113522021.0
RU_13_T_NB041_BL_ADL_F__SRR17643237__R1__be8284cc10e66aba4649525e32dc9c21_val_1	22540699.0	3977585.0	557.0	2957415.0	4124111.0	115720844.0	5723549.0	69.91134468068239	0.7	0.5	36.3	0.0	0.0	directional	11330179.0	11209963.0	1542680327.0	32241833.0	431484269.0	785230195.0	203163493.0
RU_17_T_NB022_BL_ADL_M__SRR17643129__R1__11ef679279025821f84ff68eb24b3ace_val_1	15660229.0	2673387.0	413.0	2077958.0	3019120.0	73553167.0	3737571.0	70.95327043352947	0.7	0.5	34.9	0.0	0.0	directional	7861954.0	7797862.0	1107160468.0	22071187.0	306291915.0	584718057.0	137500251.0
RU_17_T_NB030_BL_ADL_F__SRR17643244__R1__805d12dd4fff1206bd1639e1c8994323_val_1	19128025.0	3580499.0	437.0	2499535.0	3521055.0	98120759.0	5703325.0	67.32411185206566	0.7	0.5	38.6	0.0	0.0	directional	9616863.0	9510725.0	1308670696.0	28411849.0	362693154.0	685723354.0	156112839.0
US_02_E_2171-28178_BL_ADL_U__SRR17643143__R1__aa880e36c9117e89f7161e74f8e23765_val_1	2496418.0	470893.0	73.0	338760.0	472529.0	13218226.0	822813.0	65.86639381719436	0.7	0.5	39.3	0.0	0.0	directional	1253758.0	1242587.0	173270470.0	3790124.0	48006582.0	90839693.0	20394680.0
US_02_E_2171-28179_BL_ADL_U__SRR17643141__R1__5b595b04d7da0c61bdda941ed5bf959f_val_1	19373580.0	3639738.0	727.0	2477220.0	3446655.0	97759895.0	6113323.0	66.5149819369834	0.7	0.5	37.2	0.0	0.0	directional	9726125.0	9646728.0	1332866458.0	29126641.0	372193834.0	692249505.0	164739349.0
US_02_E_2171-28186_BL_ADL_U__SRR17777319__R1__595fff3263be7ecd95ef49cd54e5cfb9_val_1	1835898.0	330496.0	74.0	254284.0	351242.0	9462093.0	547597.0	67.64569226648135	0.7	0.5	38.2	0.0	0.0	directional	924932.0	910892.0	126720368.0	2713991.0	35014041.0	66323227.0	15315481.0
US_02_E_2171-28193_BL_ADL_U__SRR17643140__R1__dcba160de94897f720bfb2cd2ed03775_val_1	13963003.0	2622411.0	491.0	1781950.0	2485284.0	70815640.0	4828574.0	65.20505661999998	0.7	0.5	37.8	0.0	0.0	directional	7035922.0	6926590.0	947958146.0	21413988.0	262192897.0	494123333.0	116559042.0
US_02_E_3121-88807_BL_ADL_U__SRR17643139__R1__aa8b574ceab6098eef9efd566cd22748_val_1	1576784.0	290057.0	53.0	208790.0	296515.0	7695920.0	473902.0	67.36254257729276	0.7	0.5	36.4	0.0	0.0	directional	794320.0	782411.0	107891214.0	2340743.0	29874250.0	56388253.0	13427486.0
US_02_E_3121-88831_BL_ADL_U__SRR17643137__R1__37bc2d49bd4dcdbb74b5786cc24de1f9_val_1	11192998.0	1910120.0	518.0	1382921.0	1977985.0	53877841.0	4405661.0	63.92791867439757	0.6	0.5	36.3	0.0	0.0	directional	5610974.0	5581506.0	782484291.0	17508779.0	217466310.0	413325527.0	94453707.0
US_02_E_3121-88841_BL_ADL_U__SRR17643134__R1__94bf11aa2e0f2e24f5a4041680f04760_val_1	2125526.0	368840.0	85.0	292612.0	411927.0	10763612.0	632298.0	67.98063367218224	0.7	0.5	37.9	0.0	0.0	directional	1069430.0	1056011.0	148266037.0	3126664.0	40971915.0	78177663.0	17648308.0
