UponCompletionOf_200000_sweeps
LocNumber LocName AlleleNumber AlleleName FreqInPop0 FreqInPop1 SDInPop0 SDinPop1
0	chr01A_44245976	0	110	0.748462	0.303432	0.389486	0.411160
0	chr01A_44245976	1	100	0.251538	0.696568	0.389486	0.411160
1	chr01A_44392124	0	100	0.599187	0.237102	0.345076	0.340768
1	chr01A_44392124	1	110	0.400813	0.762898	0.345076	0.340768
2	chr01A_45766189	0	100	0.656901	0.228602	0.338537	0.356752
2	chr01A_45766189	1	110	0.343099	0.771398	0.338537	0.356752
3	chr01A_45985083	0	100	0.770370	0.347747	0.342489	0.338571
3	chr01A_45985083	1	110	0.229630	0.652253	0.342489	0.338571
4	chr01A_45985175	0	100	0.742792	0.327763	0.367647	0.364661
4	chr01A_45985175	1	110	0.257208	0.672237	0.367647	0.364661
5	chr01A_45987888	0	100	0.705605	0.377858	0.399575	0.401289
5	chr01A_45987888	1	110	0.294395	0.622142	0.399575	0.401289
6	chr01A_45988178	0	100	0.594760	0.350081	0.435146	0.441135
6	chr01A_45988178	1	110	0.405240	0.649919	0.435146	0.441135
7	chr01A_45988186	0	100	0.731648	0.328473	0.328166	0.325524
7	chr01A_45988186	1	110	0.268352	0.671527	0.328166	0.325524
8	chr01A_45988274	0	100	0.461895	0.560739	0.468864	0.461896
8	chr01A_45988274	1	110	0.538105	0.439261	0.468864	0.461896
9	chr01A_45988328	0	100	0.672727	0.292204	0.430870	0.416056
9	chr01A_45988328	1	110	0.327273	0.707796	0.430870	0.416056
10	chr01A_45988665	0	100	0.663064	0.364094	0.444497	0.433885
10	chr01A_45988665	1	110	0.336936	0.635906	0.444497	0.433885
11	chr01A_45990033	0	100	0.698677	0.266642	0.360317	0.370951
11	chr01A_45990033	1	110	0.301323	0.733358	0.360317	0.370951
12	chr01A_45990549	0	100	0.742406	0.291352	0.385886	0.389582
12	chr01A_45990549	1	110	0.257594	0.708648	0.385886	0.389582
13	chr01A_45992384	0	100	0.771794	0.414449	0.278905	0.300214
13	chr01A_45992384	1	110	0.228206	0.585551	0.278905	0.300214
14	chr01A_45993920	0	100	0.689024	0.366015	0.410124	0.411928
14	chr01A_45993920	1	110	0.310976	0.633985	0.410124	0.411928
15	chr01A_45995093	0	100	0.756891	0.331193	0.374788	0.391011
15	chr01A_45995093	1	110	0.243109	0.668807	0.374788	0.391011
16	chr01A_45995941	0	100	0.565404	0.465121	0.468390	0.447033
16	chr01A_45995941	1	110	0.434596	0.534879	0.468390	0.447033
17	chr01A_45996363	0	100	0.684430	0.370428	0.430694	0.424232
17	chr01A_45996363	1	110	0.315570	0.629572	0.430694	0.424232
18	chr01A_45996479	0	100	0.760047	0.387866	0.328059	0.337729
18	chr01A_45996479	1	110	0.239953	0.612134	0.328059	0.337729
19	chr01A_45997065	0	100	0.750562	0.349136	0.364346	0.370567
19	chr01A_45997065	1	110	0.249438	0.650864	0.364346	0.370567
20	chr01A_46253983	0	100	0.745258	0.275028	0.401251	0.408228
20	chr01A_46253983	1	110	0.254742	0.724972	0.401251	0.408228
21	chr01A_46260468	0	100	0.874696	0.113300	0.282613	0.278303
21	chr01A_46260468	1	110	0.125304	0.886700	0.282613	0.278303
22	chr01A_46261289	0	100	0.885722	0.130377	0.282864	0.287434
22	chr01A_46261289	1	110	0.114278	0.869623	0.282864	0.287434
23	chr01A_46275547	0	100	0.798090	0.409362	0.302865	0.335816
23	chr01A_46275547	1	110	0.201910	0.590638	0.302865	0.335816
24	chr01A_46275548	0	100	0.735525	0.400915	0.370281	0.368537
24	chr01A_46275548	1	110	0.264475	0.599085	0.370281	0.368537
25	chr01A_46275549	0	100	0.766423	0.366988	0.339816	0.361407
25	chr01A_46275549	1	110	0.233577	0.633012	0.339816	0.361407
26	chr01A_46275550	0	100	0.752781	0.300310	0.388867	0.385425
26	chr01A_46275550	1	110	0.247219	0.699690	0.388867	0.385425
27	chr01A_46275551	0	100	0.739687	0.313194	0.402037	0.397699
27	chr01A_46275551	1	110	0.260313	0.686806	0.402037	0.397699
28	chr01A_46275588	0	100	0.802893	0.242253	0.356394	0.362789
28	chr01A_46275588	1	110	0.197107	0.757747	0.356394	0.362789
29	chr01A_46275776	0	100	0.709848	0.263867	0.306772	0.299626
29	chr01A_46275776	1	110	0.290152	0.736133	0.306772	0.299626
30	chr01A_46276087	0	100	0.593565	0.443016	0.461528	0.449548
30	chr01A_46276087	1	110	0.406435	0.556984	0.461528	0.449548
31	chr01A_46278498	0	100	0.660004	0.393549	0.418674	0.396737
31	chr01A_46278498	1	110	0.339996	0.606451	0.418674	0.396737
32	chr01A_46278659	0	100	0.711713	0.427745	0.401340	0.379513
32	chr01A_46278659	1	110	0.288287	0.572255	0.401340	0.379513
33	chr01A_46278696	0	100	0.634196	0.369837	0.456297	0.457528
33	chr01A_46278696	1	110	0.365804	0.630163	0.456297	0.457528
34	chr01A_46279518	0	100	0.728532	0.260660	0.414453	0.411204
34	chr01A_46279518	1	110	0.271468	0.739340	0.414453	0.411204
35	chr01A_46279519	0	100	0.651467	0.366084	0.449591	0.444567
35	chr01A_46279519	1	110	0.348533	0.633916	0.449591	0.444567
36	chr01A_46279526	0	100	0.688960	0.385807	0.405470	0.413397
36	chr01A_46279526	1	110	0.311040	0.614193	0.405470	0.413397
37	chr01A_46291512	0	100	0.769545	0.234475	0.391651	0.392859
37	chr01A_46291512	1	110	0.230455	0.765525	0.391651	0.392859
38	chr01A_46291515	0	100	0.810396	0.186263	0.358794	0.358005
38	chr01A_46291515	1	110	0.189604	0.813737	0.358794	0.358005
39	chr01A_46293190	0	100	0.759587	0.244073	0.398895	0.400080
39	chr01A_46293190	1	110	0.240413	0.755927	0.398895	0.400080
40	chr01A_46293575	0	100	0.926767	0.065755	0.199934	0.197417
40	chr01A_46293575	1	110	0.073233	0.934245	0.199934	0.197417
41	chr01A_46293604	0	100	0.791161	0.185106	0.360107	0.351469
41	chr01A_46293604	1	110	0.208839	0.814894	0.360107	0.351469
42	chr01A_46294373	0	100	0.745212	0.299076	0.398281	0.413600
42	chr01A_46294373	1	110	0.254788	0.700924	0.398281	0.413600
43	chr01A_46297791	0	100	0.542266	0.473157	0.467057	0.475015
43	chr01A_46297791	1	110	0.457734	0.526843	0.467057	0.475015
44	chr01A_46297793	0	100	0.761429	0.303984	0.376010	0.402665
44	chr01A_46297793	1	110	0.238571	0.696016	0.376010	0.402665
45	chr01A_46300738	0	100	0.951172	0.056363	0.157801	0.160280
45	chr01A_46300738	1	110	0.048828	0.943637	0.157801	0.160280
46	chr01A_46301788	0	100	0.953883	0.034843	0.116890	0.111529
46	chr01A_46301788	1	110	0.046117	0.965157	0.116890	0.111529
47	chr01A_46308614	0	100	0.660187	0.258815	0.366939	0.361635
47	chr01A_46308614	1	110	0.339813	0.741185	0.366939	0.361635
48	chr01A_46308674	0	100	0.597699	0.332964	0.419514	0.436544
48	chr01A_46308674	1	110	0.402301	0.667036	0.419514	0.436544
49	chr01A_46309403	0	100	0.730430	0.343878	0.388946	0.384504
49	chr01A_46309403	1	110	0.269570	0.656122	0.388946	0.384504
50	chr01A_46321928	0	100	0.685369	0.311240	0.436868	0.435578
50	chr01A_46321928	1	110	0.314631	0.688760	0.436868	0.435578
51	chr01A_46321992	0	100	0.710151	0.307994	0.425684	0.422091
51	chr01A_46321992	1	110	0.289849	0.692006	0.425684	0.422091
52	chr01A_46326705	0	100	0.629834	0.391864	0.449293	0.459100
52	chr01A_46326705	1	110	0.370166	0.608136	0.449293	0.459100
53	chr01A_46330436	0	100	0.534754	0.450448	0.474849	0.468275
53	chr01A_46330436	1	110	0.465246	0.549552	0.474849	0.468275
54	chr01A_46334987	0	100	0.475983	0.524467	0.474880	0.474945
54	chr01A_46334987	1	110	0.524017	0.475533	0.474880	0.474945
55	chr01A_46342028	0	100	0.651860	0.332833	0.448799	0.442879
55	chr01A_46342028	1	110	0.348140	0.667167	0.448799	0.442879
56	chr01A_46342029	0	100	0.828417	0.171145	0.343618	0.343449
56	chr01A_46342029	1	110	0.171583	0.828855	0.343618	0.343449
57	chr01A_46345029	0	100	0.839357	0.189307	0.328692	0.338238
57	chr01A_46345029	1	110	0.160643	0.810693	0.328692	0.338238
58	chr01A_46356792	0	100	0.787983	0.280849	0.354675	0.354507
58	chr01A_46356792	1	110	0.212017	0.719151	0.354675	0.354507
59	chr01A_46379500	0	100	0.707129	0.273129	0.421912	0.415057
59	chr01A_46379500	1	110	0.292871	0.726871	0.421912	0.415057
60	chr01A_46385034	0	100	0.736201	0.242806	0.398973	0.391665
60	chr01A_46385034	1	110	0.263799	0.757194	0.398973	0.391665
61	chr01A_46386149	0	100	0.692760	0.333197	0.382523	0.378468
61	chr01A_46386149	1	110	0.307240	0.666803	0.382523	0.378468
62	chr01A_46387642	0	100	0.684414	0.384350	0.410131	0.408704
62	chr01A_46387642	1	110	0.315586	0.615650	0.410131	0.408704
63	chr01A_46394408	0	100	0.751896	0.275673	0.396917	0.407665
63	chr01A_46394408	1	110	0.248104	0.724327	0.396917	0.407665
64	chr01A_46394430	0	100	0.627259	0.332131	0.421948	0.440584
64	chr01A_46394430	1	110	0.372741	0.667869	0.421948	0.440584
65	chr01A_46395563	0	100	0.741141	0.262834	0.407414	0.408979
65	chr01A_46395563	1	110	0.258859	0.737166	0.407414	0.408979
66	chr01A_46395766	0	100	0.547689	0.423926	0.450550	0.464487
66	chr01A_46395766	1	110	0.452311	0.576074	0.450550	0.464487
67	chr01A_46406336	0	110	0.391018	0.663766	0.414444	0.418886
67	chr01A_46406336	1	100	0.608982	0.336234	0.414444	0.418886
68	chr01A_46407216	0	100	0.656680	0.244216	0.382276	0.368629
68	chr01A_46407216	1	110	0.343320	0.755784	0.382276	0.368629
69	chr01A_46407593	0	100	0.647725	0.283612	0.398650	0.396815
69	chr01A_46407593	1	110	0.352275	0.716388	0.398650	0.396815
70	chr01A_46413016	0	100	0.739684	0.308967	0.385467	0.379911
70	chr01A_46413016	1	110	0.260316	0.691033	0.385467	0.379911
71	chr03_56473808	0	100	0.652044	0.237039	0.356608	0.329984
71	chr03_56473808	1	110	0.347956	0.762961	0.356608	0.329984
72	chr03_56476248	0	100	0.585997	0.248206	0.349326	0.346620
72	chr03_56476248	1	110	0.414003	0.751794	0.349326	0.346620
73	chr03_56476317	0	100	0.758660	0.179662	0.348097	0.349375
73	chr03_56476317	1	110	0.241340	0.820338	0.348097	0.349375
74	chr03_56551378	0	100	0.656274	0.286407	0.408356	0.420038
74	chr03_56551378	1	110	0.343726	0.713593	0.408356	0.420038
75	chr03_108490142	0	100	0.624701	0.255940	0.366064	0.374941
75	chr03_108490142	1	110	0.375299	0.744060	0.366064	0.374941
76	chr11_21391783	0	100	0.747036	0.378711	0.370687	0.359590
76	chr11_21391783	1	110	0.252964	0.621289	0.370687	0.359590
77	chr13_2433142	0	100	0.750600	0.347541	0.376525	0.369562
77	chr13_2433142	1	110	0.249400	0.652459	0.376525	0.369562
