NumIndivs 70
NumLoci 73
Digits 3
Format Lumped
LocusNames chr01A_3015367 chr01A_3015375 chr01A_3015376 chr01A_3015397 chr01A_3101053 chr01A_3105730 chr01A_3106144 chr01A_3106146 chr01A_3106242 chr01A_3127152 chr01A_3128823 chr01A_3130493 chr01A_3130540 chr01A_3134555 chr01A_3137821 chr01A_3137824 chr01A_3140048 chr01A_3140163 chr01A_44210178 chr01A_44219388 chr01A_44262369 chr01A_46301403 chr01A_46309736 chr01A_46339592 chr01A_46345915 chr01A_46395563 chr02_86232260 chr03_92897221 chr03_108117879 chr03_108155481 chr04A_9152821 chr05_53665306 chr05_53673073 chr05_53674337 chr05_53676296 chr05_53676311 chr05_53680085 chr05_53726082 chr05_53736018 chr05_53744513 chr05_53755713 chr05_53755721 chr05_53756519 chr05_53756534 chr05_53763043 chr05_53767254 chr05_53768020 chr05_53769355 chr05_53769552 chr05_53774342 chr05_53794294 chr05_53794376 chr05_53794413 chr05_53794548 chr05_53800793 chr05_53800804 chr05_53800972 chr05_53808339 chr05_53814408 chr05_53814455 chr05_53822116 chr05_53880154 chr05_53880429 chr05_53882233 chr05_53889046 chr05_53889381 chr05_53898529 chr05_53938807 chr06_3474741 chr13_400078 chr13_401538 chr13_17867268 chr13_17901712
1 110110 110110 110110 110110 110110 000000 000000 000000 110110 100110 110110 110110 110110 000000 110110 110110 110110 110110 000000 100100 100100 000000 110110 110110 000000 110110 110110 100110 110110 000000 110110 110110 110110 000000 110110 110110 000000 110110 110110 110110 000000 000000 000000 000000 110110 110110 110110 000000 110110 110110 110110 000000 000000 000000 110110 110110 110110 110110 000000 110110 110110 000000 000000 000000 110110 000000 110110 000000 000000 110110 110110 000000 000000
2 110110 110110 110110 110110 110110 110110 100110 100110 110110 110110 110110 110110 110110 110110 110110 110110 110110 110110 100110 100110 100100 000000 100110 100110 100110 110110 110110 110110 110110 110110 110110 110110 110110 110110 110110 110110 110110 110110 110110 110110 110110 110110 110110 110110 110110 110110 110110 110110 110110 110110 110110 110110 110110 110110 110110 110110 110110 110110 110110 110110 110110 110110 110110 110110 110110 110110 110110 110110 110110 110110 110110 110110 110110
3 110110 110110 110110 110110 100110 110110 110110 110110 110110 110110 100110 000000 000000 110110 110110 110110 110110 110110 110110 100100 100100 110110 100110 110110 110110 110110 110110 110110 110110 110110 110110 110110 110110 110110 110110 110110 110110 110110 110110 110110 110110 110110 110110 110110 110110 110110 110110 110110 110110 110110 110110 110110 110110 110110 110110 110110 110110 110110 110110 110110 110110 110110 110110 110110 110110 110110 110110 110110 110110 110110 110110 110110 110110
4 100110 100110 100110 100110 110110 110110 110110 110110 110110 110110 110110 110110 110110 110110 110110 110110 110110 110110 110110 100100 100100 100110 000000 100110 100110 100110 110110 100110 110110 110110 110110 110110 110110 110110 110110 110110 110110 110110 110110 110110 110110 110110 110110 110110 110110 110110 110110 110110 110110 110110 110110 110110 110110 110110 110110 110110 110110 110110 110110 110110 110110 110110 110110 110110 110110 000000 110110 110110 100110 100110 100110 110110 110110
5 110110 110110 110110 110110 110110 110110 110110 110110 110110 100110 000000 110110 110110 000000 110110 110110 110110 110110 110110 100100 100100 110110 110110 110110 110110 110110 110110 110110 110110 110110 110110 110110 110110 110110 110110 110110 110110 110110 110110 110110 110110 110110 110110 110110 110110 110110 110110 110110 110110 110110 110110 110110 110110 110110 110110 110110 110110 110110 110110 110110 110110 110110 110110 110110 110110 110110 110110 110110 100110 110110 110110 110110 110110
6 110110 110110 110110 110110 110110 110110 110110 110110 110110 110110 110110 110110 110110 110110 110110 110110 110110 110110 110110 100100 100110 100110 000000 100110 100110 100110 110110 110110 110110 110110 110110 100110 100110 000000 100110 100110 000000 100110 100110 100110 100110 100110 100110 100110 110110 100110 100110 100110 100110 100110 100110 100110 100110 100110 100110 100110 100110 100110 000000 000000 110110 100110 000000 000000 000000 000000 100110 100110 110110 110110 110110 100110 110110
7 110110 110110 110110 110110 110110 110110 110110 110110 110110 110110 100110 110110 110110 110110 110110 110110 110110 110110 100110 100100 100110 000000 110110 110110 110110 110110 110110 110110 110110 110110 110110 110110 110110 110110 110110 110110 110110 110110 110110 110110 110110 110110 110110 110110 110110 110110 110110 110110 110110 110110 110110 110110 110110 110110 110110 110110 110110 110110 110110 110110 110110 110110 110110 110110 110110 100110 110110 110110 110110 110110 110110 110110 110110
8 000000 000000 000000 000000 100110 100110 100110 100110 100110 100110 100100 100110 100110 000000 100110 100110 100110 100100 110110 100100 100100 000000 110110 110110 000000 110110 110110 110110 100110 000000 110110 110110 110110 000000 110110 110110 000000 110110 110110 110110 110110 110110 110110 110110 110110 000000 110110 000000 000000 110110 110110 110110 110110 110110 110110 110110 110110 110110 000000 000000 110110 000000 000000 110110 110110 110110 110110 110110 000000 110110 110110 000000 000000
9 110110 110110 110110 110110 110110 110110 100110 100110 110110 110110 110110 110110 110110 110110 110110 110110 110110 110110 110110 100100 100100 110110 100110 110110 110110 100110 110110 110110 110110 110110 110110 110110 110110 110110 110110 110110 110110 110110 110110 110110 110110 110110 110110 110110 110110 110110 110110 110110 110110 110110 110110 110110 110110 110110 110110 110110 110110 110110 110110 110110 110110 110110 110110 110110 110110 110110 110110 110110 110110 100110 100110 100110 100110
10 100110 100110 100110 100110 110110 110110 110110 110110 110110 110110 110110 110110 110110 110110 110110 110110 110110 110110 100110 100110 100100 110110 110110 110110 110110 110110 110110 110110 110110 110110 110110 110110 110110 110110 110110 110110 110110 110110 110110 110110 110110 110110 110110 110110 110110 110110 110110 110110 110110 110110 110110 110110 110110 110110 110110 110110 110110 110110 110110 110110 110110 110110 110110 110110 110110 000000 110110 110110 000000 110110 110110 110110 110110
11 110110 110110 110110 110110 110110 110110 100110 100110 100110 110110 110110 110110 110110 110110 110110 110110 110110 110110 110110 100100 100100 110110 110110 110110 110110 110110 110110 110110 110110 110110 110110 110110 110110 110110 110110 110110 110110 110110 110110 110110 110110 110110 110110 110110 110110 110110 110110 110110 110110 110110 110110 110110 110110 110110 110110 110110 110110 110110 110110 110110 110110 110110 110110 110110 110110 110110 110110 110110 000000 110110 110110 100110 100110
12 110110 110110 110110 110110 110110 110110 110110 110110 110110 110110 110110 110110 110110 110110 110110 110110 110110 110110 100110 100110 100100 100110 100110 100110 000000 110110 110110 110110 110110 110110 110110 110110 110110 110110 110110 110110 110110 110110 110110 110110 110110 110110 110110 110110 110110 110110 110110 110110 110110 110110 110110 110110 110110 110110 110110 110110 110110 110110 110110 110110 110110 000000 110110 110110 110110 110110 110110 110110 000000 100110 110110 100110 100110
13 100110 100110 100110 100110 100110 000000 100110 100110 100110 100110 100110 100100 100100 100100 100100 100100 100100 100100 100100 110110 110110 100100 100100 100100 100100 100100 100100 100110 100100 100100 100110 100100 100100 100100 100100 100100 100100 100100 100100 100100 100100 100100 100100 100100 100100 100100 100100 100100 100100 100100 100100 100100 100100 100100 100100 100100 100100 100100 100100 100100 100100 100100 100100 100100 100100 100100 100100 100100 100100 100100 100110 100100 100110
14 100110 100110 100110 100110 100110 100110 100110 100110 100110 100100 100110 110110 100100 100100 100110 100110 100110 100100 100100 110110 110110 100100 100100 100100 100100 100100 100100 100110 100110 110110 100100 100100 100100 100100 100100 100100 100100 100100 100100 100100 100100 100100 100100 100100 100100 100100 100100 100100 100100 100100 100100 100100 100100 100100 100100 100100 000000 100100 100100 100100 100100 100100 100100 100100 100100 100100 100100 100100 100100 100100 100100 100110 100110
15 100110 100110 100110 100110 100100 100110 100110 100110 100110 100110 100110 100110 100110 100110 100100 100100 100110 100110 100110 100110 100100 100110 100110 110110 110110 100110 110110 100100 110110 110110 100110 000000 100110 100110 100100 100100 100110 100110 100110 100110 100110 100110 100110 100110 100110 100110 100110 100110 100110 100110 100110 100110 100110 110110 100110 100110 100110 100110 100110 100110 110110 100110 100110 100110 100110 100110 100100 100110 110110 110110 110110 110110 110110
16 110110 110110 110110 110110 000000 110110 110110 110110 110110 110110 110110 110110 110110 110110 110110 110110 110110 110110 110110 100100 100100 100100 100100 100100 100100 100110 100110 100110 100100 110110 110110 100110 100110 100100 100110 100110 100110 100110 100110 100110 100110 100110 100110 100110 100110 100110 000000 100100 100110 100110 110110 100110 100110 100110 100110 100110 100110 100110 100110 100110 100100 110110 100110 100110 100110 100110 100110 100110 100110 110110 110110 110110 110110
17 110110 110110 110110 110110 110110 110110 110110 110110 110110 110110 110110 110110 110110 110110 110110 110110 110110 110110 100110 100110 100100 110110 110110 110110 110110 110110 100110 100110 110110 110110 100110 110110 110110 110110 110110 110110 110110 110110 110110 110110 110110 110110 110110 110110 110110 110110 110110 110110 110110 110110 110110 110110 110110 110110 110110 110110 110110 110110 110110 110110 110110 110110 110110 110110 110110 110110 110110 100110 100110 110110 110110 100110 110110
18 100110 100110 100110 100110 110110 110110 110110 110110 110110 110110 100110 110110 110110 110110 110110 110110 110110 110110 100110 100110 000000 110110 110110 110110 110110 110110 110110 100100 100110 100110 100110 100110 100110 110110 100110 100110 100110 100110 100110 100110 100110 100110 100100 100100 100110 100110 100110 100100 100110 100110 000000 100110 100110 100110 100110 100110 100110 100100 100110 100110 100100 100110 100110 000000 100110 100110 100110 100100 100110 110110 110110 100110 100110
19 110110 110110 110110 110110 100110 100110 100100 100100 100110 100110 100110 110110 100110 110110 110110 110110 110110 110110 100110 100110 100110 100110 110110 100110 100110 100110 100110 100100 100110 110110 000000 100100 100100 100100 100100 100100 100100 100100 100100 100100 100100 100100 100100 100100 000000 100100 000000 100100 100100 100100 100100 100100 100100 100100 100100 100100 100100 100100 100100 100100 100100 100100 100100 100100 100100 100100 100100 100100 100110 110110 110110 100110 100110
20 110110 110110 110110 110110 100110 110110 110110 110110 000000 100110 000000 100110 100110 100110 100110 100110 100110 100110 000000 110110 000000 100110 100110 100110 100100 100110 110110 100110 110110 110110 110110 100110 100100 100110 000000 100110 100110 100110 100100 000000 100110 100110 100100 100100 000000 100100 000000 100100 100110 100100 110110 100100 100100 100110 110110 100110 100110 100100 100110 100110 100110 100110 100110 100110 100110 100110 000000 100110 100110 000000 110110 110110 110110
21 100110 100110 100110 100110 100110 100110 100110 100110 100110 100110 100110 100110 100110 100110 100110 100110 100110 100110 100100 110110 100100 100100 100100 100100 100100 100110 000000 110110 100110 110110 110110 110110 110110 110110 110110 110110 110110 110110 110110 110110 110110 110110 110110 110110 000000 110110 110110 110110 110110 110110 110110 110110 110110 110110 110110 110110 110110 110110 110110 110110 110110 110110 110110 110110 110110 110110 110110 110110 100100 100100 100110 110110 110110
22 100110 100110 100110 100110 100100 100110 100110 100110 100110 100100 100110 100110 100110 100110 100110 100110 100110 110110 100110 100100 100100 100110 100100 100100 100100 100100 000000 100100 110110 110110 110110 110110 110110 110110 110110 110110 110110 110110 110110 110110 110110 110110 110110 110110 110110 110110 000000 110110 110110 110110 110110 110110 110110 110110 110110 110110 110110 110110 110110 110110 110110 110110 110110 110110 110110 110110 110110 100110 100110 100110 100110 100110 110110
23 100100 100100 100100 100100 100110 100110 100110 100110 100110 100100 100110 100110 100100 100110 100110 100110 100110 100100 110110 100110 100110 100100 100100 100100 100100 110110 100110 100110 110110 110110 100110 100110 100110 100110 100110 100110 100110 100110 100110 100110 100100 100100 100110 100110 100110 100100 100100 100110 100110 100110 100110 100110 100110 100110 100110 100110 100110 100110 100110 100110 100110 100110 100110 100110 100110 100110 100110 100110 100110 100110 100110 110110 110110
24 110110 110110 110110 110110 000000 110110 110110 110110 110110 110110 110110 110110 110110 110110 110110 110110 110110 110110 110110 100110 100100 110110 100110 100110 100110 110110 110110 000000 110110 110110 110110 100110 100100 100110 100100 100100 100110 100110 100110 100100 100110 100110 100110 100110 100110 100110 100110 100110 100110 100110 100100 100100 100110 100110 100110 100110 100110 100110 100110 110110 100110 100110 100110 100100 100110 100110 000000 100110 100110 100110 100110 100100 100100
25 100100 100100 100100 100100 100100 100110 100110 100110 100100 100110 100110 100110 100100 100110 100110 100110 100110 100110 110110 100100 100100 100100 100100 100100 100100 100110 110110 110110 110110 110110 110110 100110 100110 100110 100110 100110 100110 100110 100100 100110 100110 100110 100110 100110 100110 100100 100110 100110 100110 100110 110110 100110 100110 100110 100110 100110 100110 100110 100110 100110 100110 100110 100110 100110 100110 100110 100110 100110 100110 110110 110110 110110 110110
26 000000 000000 000000 000000 100100 000000 110110 110110 100100 000000 100110 100110 100110 100110 000000 000000 000000 110110 000000 000000 000000 100100 100100 000000 000000 000000 000000 000000 100100 000000 000000 000000 000000 000000 000000 000000 100110 000000 000000 000000 100110 100110 100110 100110 000000 100100 100110 000000 100100 000000 100110 000000 000000 000000 000000 000000 000000 000000 100100 000000 000000 000000 000000 000000 000000 100100 000000 000000 100110 000000 000000 100110 100110
27 110110 110110 110110 110110 110110 110110 100110 100110 100110 110110 110110 110110 110110 100110 000000 000000 000000 000000 100100 110110 100110 100110 000000 100100 100100 100110 000000 100100 100110 100100 000000 100100 100100 100100 100100 100100 100100 100100 000000 100100 100100 100100 100100 100100 100100 000000 100100 100100 100100 100100 100100 100100 100100 000000 000000 000000 100100 100100 100100 100100 100100 100100 100100 000000 000000 100100 100100 100100 100100 100100 100100 100110 100110
28 100100 100100 100100 100100 100100 100100 100100 100100 100100 100100 100100 100100 000000 100100 100100 100100 100100 100100 100100 110110 110110 100100 100100 100100 100100 100100 100110 100110 100110 100110 100100 100100 100100 100100 100100 100100 100100 100100 100100 100100 100100 100100 100100 100100 100100 100100 100100 100100 100100 100100 100100 100100 100100 100100 100100 100100 100100 100100 100100 100100 100100 100100 100100 100100 100100 100100 100100 100100 100100 100100 100100 100100 100100
29 100100 100100 100100 100100 100100 100100 100100 100100 100100 100100 100100 100100 100100 100100 100100 100100 100100 100100 100110 100110 100110 100110 100110 100110 100110 100110 100100 100100 100100 100110 100100 100100 100100 100100 100100 100100 100100 100100 100100 100100 100100 100100 100100 100100 100100 100100 100100 100100 100100 100100 100100 100100 100100 100100 100100 100100 100100 100100 100100 100100 100100 100100 100100 100100 100100 100100 100100 100100 100100 100110 100110 100100 100110
30 100110 100110 100110 100110 100100 100110 100110 100110 110110 100110 110110 100110 000000 100110 100100 100100 000000 100100 100100 110110 110110 100100 100100 100110 100110 100100 100100 100110 100100 100100 110110 100100 000000 100100 100100 100100 100100 100100 100100 100100 100100 100100 100100 100100 100100 100100 100100 100100 100100 100100 100100 000000 100100 100100 100100 100100 100100 100100 100100 100100 000000 100100 100100 100100 100100 100100 100100 000000 100100 100110 100100 100110 100110
31 100110 100110 100110 100110 100110 100110 100110 100110 100110 100110 100110 100110 100110 100100 100100 100100 100110 100110 100100 100110 110110 100100 100100 100100 100100 100100 100100 100100 100110 100110 100110 100110 100110 100110 100110 100110 100110 100110 100110 100110 100110 100110 100110 100110 100110 100110 100110 100110 100110 100110 100110 100110 100110 100110 100100 100100 100110 100110 100110 100110 100110 100110 100100 100110 100110 100110 110110 100110 100110 100100 100100 100100 100100
32 100110 100110 100110 100110 100110 100110 100110 100110 100110 100110 100110 110110 100110 100110 100110 100110 100110 100100 100100 110110 110110 100100 100100 100100 100100 100100 100110 100100 100100 110110 100110 100100 100100 100100 100100 100100 100100 100100 100100 100100 100100 100100 100100 100100 100100 100100 100100 100100 100100 100100 100100 100100 100100 100100 100100 100100 100100 100100 100100 100100 100100 100100 100100 100100 100100 100100 100100 100100 100100 100100 100100 100100 100100
33 100100 100100 100100 100100 100100 100110 100100 100100 100100 100100 100100 100100 100100 100100 100100 100100 100100 100100 100100 110110 110110 100100 100100 100100 100100 100100 100100 100110 100110 100100 100110 100110 100110 100110 100110 100110 100110 100110 100110 100110 100110 100110 000000 100100 100110 100110 100100 100110 100110 100110 110110 110110 100110 110110 100110 100110 100110 100110 000000 100110 100110 100100 100100 100100 100100 100110 100110 100110 100100 100100 100100 100110 100100
34 110110 110110 110110 110110 110110 110110 110110 110110 110110 100110 100110 100110 100110 100110 100110 100110 100110 100110 100100 110110 110110 100100 100100 100100 100100 100100 100100 100110 100100 100100 110110 100100 100100 100100 100100 100100 100100 100100 100100 100100 100100 100100 100100 100100 100100 100100 100100 100100 100100 100100 100100 100100 000000 100100 100100 100100 100100 100100 100100 100100 100100 100100 100100 100100 100100 100100 100100 100100 100100 100110 100110 100100 100100
35 100110 100110 100110 100110 100110 100110 100110 100110 100110 100100 100110 100110 100110 100110 100110 100110 100110 100110 100110 100100 100100 100110 100110 100100 100100 100100 100100 100100 100110 100110 000000 100100 100100 100100 100100 100100 100100 100100 100100 100100 100100 100100 100100 100100 100100 100100 100100 100100 100100 100100 100100 100100 100100 100100 100100 100100 100100 100100 100100 100100 100100 100100 100100 100100 100100 100100 100100 100100 100100 100110 100110 100100 100100
36 100100 100100 100100 100100 100110 100110 100110 100110 100110 100110 100100 100110 100110 100110 100110 100110 100110 100110 100100 110110 110110 100100 100100 100100 100100 100100 100110 100100 100100 100100 100100 000000 100110 100110 100110 100110 100110 100110 100110 100100 100110 100110 100110 100110 100110 100110 100110 100110 100110 100110 000000 100100 100100 100110 100110 100110 100110 100110 100110 100110 100110 100110 100110 100100 100110 100110 110110 100110 100100 100100 100100 100100 100100
37 100100 100100 100100 100100 000000 100110 100110 100110 100110 100100 000000 110110 110110 100110 100100 100100 100110 100100 000000 110110 110110 100100 100100 100100 100100 100110 000000 100110 100110 100110 110110 100110 100110 100110 100110 100110 100110 100110 100110 100110 100110 100110 100110 100110 100110 100100 000000 100110 100110 100110 100110 100110 100110 100110 100110 100110 100110 100110 100110 100110 100110 100110 100100 100110 100110 100110 000000 100110 100110 100100 100100 100100 000000
38 100110 100110 100110 100110 110110 110110 110110 110110 110110 110110 100110 110110 110110 000000 110110 110110 110110 110110 110110 100100 100100 100110 100110 100110 100110 100110 110110 110110 110110 110110 110110 110110 110110 110110 110110 110110 110110 110110 110110 110110 110110 110110 110110 110110 110110 110110 110110 110110 110110 110110 110110 110110 110110 110110 110110 110110 110110 110110 110110 110110 110110 110110 110110 110110 110110 110110 110110 110110 110110 110110 110110 110110 110110
39 110110 110110 110110 110110 110110 100110 100110 100110 100110 100110 100110 100100 100100 100110 100100 100100 100110 100100 110110 100100 100100 110110 110110 110110 110110 110110 100110 100110 110110 110110 100110 110110 110110 110110 110110 110110 110110 110110 100110 110110 110110 110110 110110 110110 110110 110110 110110 110110 110110 110110 110110 110110 110110 110110 110110 110110 110110 110110 110110 110110 110110 110110 110110 110110 110110 110110 110110 110110 100100 110110 110110 100110 100110
40 110110 110110 110110 110110 110110 000000 110110 110110 110110 110110 110110 110110 110110 110110 110110 110110 110110 110110 110110 100100 100100 110110 110110 110110 110110 110110 110110 100110 100100 100110 100110 100110 100110 100110 100110 100110 100110 100110 100110 100110 100110 100110 100110 100110 100110 100100 100110 100110 100110 100110 110110 100110 100110 100110 100110 100110 100110 100110 100110 100110 100110 100110 100110 100110 100110 100110 100110 100110 100110 110110 110110 100110 100110
41 100100 100100 100100 100100 110110 110110 110110 110110 110110 110110 100100 110110 100110 110110 000000 000000 110110 100110 110110 100100 000000 110110 100110 100100 100100 110110 110110 100100 100110 110110 110110 110110 110110 110110 100110 100110 110110 110110 110110 000000 110110 110110 110110 110110 110110 110110 110110 110110 110110 110110 110110 110110 110110 110110 110110 110110 110110 110110 110110 110110 110110 110110 110110 110110 110110 110110 110110 110110 110110 110110 110110 100100 100100
42 100110 100110 100110 100110 100110 100110 100110 100110 100110 100110 100100 100110 100110 100110 100110 100110 100110 100110 100110 100110 100100 110110 100110 100110 100110 110110 100110 100110 110110 110110 110110 110110 110110 110110 110110 110110 110110 110110 110110 110110 110110 110110 110110 110110 110110 110110 110110 110110 110110 110110 110110 110110 110110 110110 110110 110110 110110 110110 110110 110110 110110 110110 110110 110110 110110 110110 110110 110110 110110 110110 110110 100110 100110
43 110110 110110 110110 110110 110110 110110 100110 100110 110110 110110 100100 110110 110110 110110 110110 110110 110110 110110 100110 100110 100100 100110 110110 100110 100110 100110 110110 100110 110110 110110 100100 110110 000000 110110 110110 110110 110110 110110 110110 110110 110110 110110 110110 110110 110110 110110 110110 110110 110110 110110 110110 110110 110110 110110 000000 000000 110110 110110 110110 110110 110110 110110 110110 110110 110110 110110 110110 110110 100110 100100 100100 110110 110110
44 100110 100110 100110 100110 110110 110110 110110 110110 110110 110110 110110 110110 110110 110110 110110 110110 110110 110110 110110 100100 100110 100110 100110 100110 100110 100110 110110 100110 100110 100110 110110 100110 100100 100110 100110 100110 100110 100110 100110 100100 100110 100110 100110 100110 100100 100110 100110 100110 100110 100110 100110 100110 100110 100110 100100 100100 100110 100110 100110 100110 100110 100110 100110 100110 100110 100110 100100 100110 100110 100110 100110 100110 100110
45 100100 100100 100100 100100 000000 000000 000000 000000 000000 000000 100100 100100 100100 100100 000000 000000 100100 000000 110110 100100 100100 110110 110110 100100 110110 110110 000000 000000 110110 100100 110110 100100 000000 110110 110110 110110 000000 000000 000000 110110 100100 000000 100100 100100 100100 110110 110110 100110 110110 000000 110110 110110 110110 100110 000000 000000 000000 100110 000000 000000 000000 100110 000000 110110 000000 100110 100100 100100 100100 110110 110110 110110 110110
46 100110 100110 100110 100110 100100 100110 110110 110110 100110 110110 100100 110110 100110 110110 100110 100110 100110 100110 110110 100100 100100 110110 100110 110110 110110 110110 110110 100100 100100 100110 100110 000000 110110 110110 110110 110110 110110 110110 110110 000000 110110 110110 110110 110110 110110 110110 110110 110110 110110 110110 110110 110110 110110 110110 110110 110110 110110 110110 110110 110110 110110 110110 110110 110110 110110 110110 110110 110110 100110 110110 110110 110110 110110
47 100100 100100 100100 100100 000000 110110 000000 000000 110110 000000 000000 000000 000000 000000 000000 000000 000000 000000 000000 100100 000000 110110 110110 000000 000000 110110 000000 000000 000000 000000 000000 000000 000000 110110 000000 000000 000000 000000 000000 110110 000000 000000 000000 000000 000000 000000 110110 000000 110110 000000 110110 110110 110110 000000 000000 000000 000000 110110 000000 000000 000000 000000 110110 000000 000000 000000 110110 000000 100100 000000 000000 000000 110110
48 100100 100100 100100 100100 100100 100100 100100 100100 000000 100100 100100 100100 100100 100100 100100 100100 100100 100100 100100 110110 110110 100110 100100 100100 100100 100100 100110 100110 100100 100100 100110 100100 100100 100100 100100 100100 100100 100100 100100 100100 100100 100100 100100 100100 100100 100100 100100 100100 100100 000000 100100 100100 100100 100100 100100 100100 100100 100100 100100 100100 100100 100100 100100 100100 100100 100100 100100 100100 100100 100110 100110 100110 100110
49 100110 100110 100110 100110 100100 100110 100110 100110 100110 100110 000000 100100 100110 100110 100100 100100 100110 100100 100100 110110 000000 100100 100100 100100 100100 000000 100100 100100 100100 100100 000000 000000 100110 100110 110110 110110 100110 100100 000000 100110 100110 100110 000000 100100 100100 000000 100110 100110 100110 000000 000000 100100 100110 100110 000000 000000 000000 100110 100100 000000 100100 100110 100110 000000 100110 100110 000000 100100 100100 100110 100100 100100 100100
50 110110 110110 110110 110110 100110 100110 100110 100110 100110 100110 100110 100110 100110 100110 000000 000000 100110 100100 100100 110110 110110 100100 000000 100100 100100 100100 110110 100110 110110 110110 100100 100110 100110 100110 100110 100110 100110 100110 100110 100110 100110 100110 100110 100110 100110 100110 100110 100110 100110 100110 100100 100110 100110 100110 100110 100110 100110 100110 100110 100110 100110 100110 100110 100110 100110 100110 100110 100110 100110 100110 100110 100100 100100
51 100110 100110 100110 100110 100110 100110 100110 100110 100110 100110 100110 110110 100110 100110 100110 100110 100110 100100 100100 110110 110110 100100 000000 100100 100100 100100 110110 100100 100110 100100 100110 100100 100100 100100 100100 100100 100100 100100 100100 100100 100100 100100 100100 100100 100100 100100 100100 100100 100100 100100 100100 100100 100100 100100 100100 100100 100100 100100 100100 000000 000000 100100 100100 100100 100100 100100 100100 100100 100100 100110 100110 100110 100110
52 100100 100100 100100 100100 100110 100110 100110 100110 100100 100110 100100 100110 100110 100110 100110 100110 100110 100110 100100 110110 110110 100100 000000 100100 100100 100100 100100 100100 100100 100110 100110 100100 100100 100100 100100 100100 100100 100100 100100 100100 100100 100100 100100 100100 100100 100100 100100 100100 100100 100100 100100 100100 100100 100100 100100 100100 100100 100100 100100 100100 100100 100100 100100 100100 100100 100100 100100 100100 100100 100110 100110 100110 100100
53 100100 100100 100100 100100 100110 100110 100110 100110 100110 100110 100110 100110 100110 100110 100110 100110 100110 110110 100110 100110 100110 100110 100110 100100 100110 100110 100110 100100 110110 110110 100110 110110 110110 110110 110110 110110 110110 110110 110110 110110 110110 110110 110110 110110 110110 110110 110110 110110 110110 110110 110110 110110 110110 110110 110110 110110 110110 110110 110110 110110 110110 110110 110110 110110 110110 110110 110110 110110 100100 100110 100110 110110 100110
54 100110 100110 100110 100110 100110 000000 100110 100110 100110 100110 100110 100110 100110 000000 000000 000000 000000 100110 100100 110110 110110 100100 100100 100100 100100 100100 100100 000000 100110 000000 100110 100110 000000 100110 000000 000000 000000 100110 100110 100110 100110 100110 000000 000000 000000 100110 100110 100110 000000 100110 100110 100110 100110 100110 100110 100110 100110 000000 000000 100110 100110 100110 000000 100110 000000 100110 100110 100110 100100 100110 100110 100100 100100
55 100110 100110 100110 100110 100110 100110 100100 100100 100110 100110 100110 100110 100100 100110 100110 100110 100110 100110 110110 100100 100100 110110 110110 110110 110110 110110 100100 100110 100100 100100 100100 110110 110110 110110 110110 110110 110110 110110 110110 110110 110110 110110 110110 110110 100110 110110 110110 110110 110110 110110 110110 110110 110110 110110 110110 110110 110110 110110 110110 110110 110110 110110 110110 110110 110110 110110 110110 110110 100100 100110 100110 100100 100100
56 100110 100110 100110 110110 110110 110110 110110 110110 110110 110110 110110 110110 110110 110110 110110 110110 110110 110110 100110 100110 110110 100110 100100 100110 100110 100110 100100 110110 100100 110110 100110 100100 100100 100100 100100 100100 100100 100100 100100 100100 100100 100100 100100 100100 100100 100100 100100 100100 100100 100100 100100 100100 100100 100100 100100 100100 100100 100100 100100 100100 100100 100100 100100 100100 100100 100100 100100 100100 100100 110110 110110 100100 100100
57 100110 100110 100110 100110 100100 100100 100100 100100 100100 100100 100100 100100 100100 100100 100100 100100 100100 100100 100100 110110 110110 100100 100100 100100 100100 100100 110110 100110 100110 100110 110110 100100 100100 100100 100100 100100 100100 100100 100100 100100 100100 100100 100100 100100 100100 100100 100100 100100 100100 100100 100100 100100 100100 100100 100100 100100 100100 100100 100100 100100 100100 100100 100100 100100 100100 100100 100100 100100 100110 100100 100100 100100 100100
58 100110 100110 100110 100110 100110 000000 110110 110110 110110 110110 100110 110110 110110 110110 110110 110110 110110 110110 100100 110110 110110 100100 100100 100100 100100 100100 100100 100110 100100 100110 100100 100110 100110 100110 100110 100110 100110 100110 100110 100110 100110 100110 100110 100110 100110 100110 100110 100110 100110 100110 100110 100110 100110 100110 100110 100110 100110 100110 000000 100110 100110 100110 100110 100110 100110 100110 100110 100110 000000 100100 100100 100100 100110
59 100100 100100 100100 100100 100100 100100 100100 100100 100100 100100 100100 100100 100100 100100 100100 100100 100100 100100 100100 110110 110110 100100 100100 100100 100100 100100 100100 100100 100100 100100 100100 100100 100110 100110 100110 100110 100110 100110 100110 100110 100110 100110 100110 100110 100110 100100 100110 100110 100110 100110 100110 100110 100110 100110 100100 100100 100110 100110 100110 100110 100110 100110 000000 100110 100110 000000 100110 100110 100100 100100 100100 100100 100100
60 100100 100100 100100 100100 100100 100100 100100 100100 100100 100100 100100 100100 100100 100100 100100 100100 100100 100100 100100 110110 110110 100100 100100 100100 100100 100100 100110 100110 100100 100100 100110 100100 100100 100100 100100 100100 100100 100100 100100 000000 100100 100100 100100 100100 100100 100100 100100 100100 100100 100100 100100 100100 100100 100100 100100 100100 100100 100100 100100 100100 100100 100100 100100 100100 100100 100100 100100 100100 100100 100100 100100 100100 100100
61 100100 100100 100100 100100 100100 100100 100100 100100 100100 100100 100100 100100 100100 100100 100100 100100 100100 100100 100100 110110 110110 100100 100100 100100 100100 100100 100100 100100 000000 100110 100100 100100 100100 100100 100100 100100 100100 100100 100100 100100 100100 100100 100100 100100 100100 100100 100100 100100 100100 100100 100100 100100 100100 100100 100100 100100 100100 100100 100100 100100 100100 100100 100100 100100 100100 100100 100100 100100 100100 100100 100100 100100 100100
62 100100 100100 100100 100100 100100 100100 100100 100100 100100 100100 100100 100100 100100 100100 100100 100100 100100 100100 100100 110110 110110 100100 100100 100100 100100 100100 100100 100100 100100 100110 100100 100100 100100 100100 100100 100100 100100 100100 100100 100100 100100 100100 100100 100100 100100 100100 100100 100100 100100 100100 100100 100100 100100 100100 100100 100100 100100 100100 100100 100100 100100 100100 100100 100100 100100 100100 100100 100100 100100 100100 100100 100100 100100
63 100100 100100 100100 100100 100100 100100 100100 100100 100100 100100 100100 100100 100100 100100 100100 100100 100100 100100 100100 110110 000000 100100 100100 100100 100100 100100 100100 100100 100100 100100 100100 100100 100100 100100 100100 100100 100100 100100 100100 100100 100100 100100 100100 100100 100100 100100 100100 100100 100100 100100 100100 100100 100100 100100 100100 100100 100100 100100 100100 100100 100100 100100 100100 100100 100100 100100 100100 100100 100100 100100 100100 100100 100100
64 100110 100110 100110 100110 100100 100100 100100 100100 100100 100100 100100 100100 100100 100100 100100 100100 100100 100100 100100 100110 100110 100100 000000 100100 100100 100110 100100 100100 100110 100110 100100 110110 110110 110110 110110 110110 110110 110110 110110 000000 100110 100110 110110 110110 110110 110110 000000 000000 110110 100110 100110 100110 100110 100110 100110 100110 100110 100110 110110 110110 110110 000000 110110 110110 110110 000000 110110 100110 100100 100100 100100 100100 100100
65 100100 100100 100100 100100 100100 100100 100100 100100 100100 100100 100100 100100 100100 100100 100100 100100 100100 100100 100100 110110 110110 100100 100100 100100 100100 100100 100110 100100 100100 100100 100110 100100 100100 100100 100100 100100 100100 100100 100100 100100 100100 100100 100100 100100 100100 100110 100100 100100 100100 100100 100100 100100 100100 100100 100110 100110 100100 100100 100100 100100 100100 000000 100100 100100 100100 100100 100100 100100 100110 100110 100110 100100 100100
66 100100 100100 100100 100100 100100 100100 100100 100100 100100 100100 100100 100100 100100 100100 100100 100100 100100 100100 100100 110110 100110 000000 100100 100100 100100 100100 100110 100100 100100 100100 110110 100100 100100 100100 100100 100100 100100 100100 100100 000000 100100 100100 100100 100100 100100 100100 100100 100100 100100 100100 100100 100100 100100 100100 100100 100100 100100 100100 100100 100100 100100 100100 100100 100100 100100 100100 100100 100100 100100 100100 100100 100100 100100
67 100100 100100 100100 100100 100100 100100 100100 100100 100100 100100 100100 100100 100100 100100 100100 100100 100100 100100 100100 110110 110110 100100 100100 100100 100100 100100 100110 100100 100100 100100 100100 100100 100100 100100 100100 100100 100100 100100 100100 100100 100100 100100 100100 100100 100100 100100 100110 100100 100100 100100 100100 100100 100100 100100 100100 100100 100100 100100 100100 100100 100100 100100 100100 100100 100100 100100 000000 100100 100100 100100 100110 100100 000000
68 100100 100100 100100 100100 100100 100100 100100 100100 100100 100100 100100 100100 100100 100100 100100 100100 100100 100100 100100 110110 110110 100100 100100 100100 100100 100100 100100 100100 100100 100100 100100 100110 100100 100110 100100 100100 100110 100100 000000 100110 100110 100110 100100 100100 100110 100100 100110 100110 100100 100110 100110 100110 100110 100110 100110 100110 100110 100110 100110 100110 100110 100110 100110 100110 100110 100110 100100 100110 100100 100100 100100 100100 100100
69 100100 100100 100100 100100 100100 100100 100100 100100 100100 100100 100100 100100 100100 100100 100100 100100 100100 100100 100100 110110 110110 100100 100100 100100 100100 100100 100100 100100 100100 100100 100100 100100 100100 100100 100100 100100 100100 100100 100100 100100 100100 100100 100100 100100 100100 100100 100100 100100 100100 100100 100100 100100 100100 100100 100100 100100 100100 100100 100100 100100 100100 100100 100100 100100 100100 100100 100100 100100 100100 100100 100100 100100 100100
70 100100 100100 100100 100100 100100 100100 100100 100100 100100 100100 100100 100100 100100 100100 100100 100100 100100 100100 100100 110110 110110 100100 100100 100100 100100 100100 100100 100100 110110 100110 100100 100100 100100 100100 100100 100100 100100 100100 100100 100100 100100 100100 100100 100100 100100 100100 100100 100100 100100 100100 100100 100100 100100 100100 100100 100100 000000 100100 100100 100100 100100 100100 100100 100100 100100 100100 100100 100100 100100 100100 100100 100100 100100
