Sample	meth_chg	meth_chh	meth_cpg	percent_chg_meth	percent_chh_meth	percent_cpg_meth	total_c	unmeth_chg	unmeth_chh	unmeth_cpg
CH_18_R_18CH024_BL_ADL_M__SRR17643018__R1__d26a809a141ff3606bbb012b518a4454_val_1	421.0	654.0	460.0	0.2	0.2	0.3	611730.0	174557.0	264237.0	171401.0
CH_18_R_18CH081_BL_ADL_M__SRR17643017__R1__4a1dc631af59269ba7ecf92fe45ea120_val_1	430.0	720.0	465.0	0.3	0.3	0.3	613394.0	165683.0	285084.0	161012.0
CH_19_R_19CH005_BL_ADL_M__SRR17643013__R1__089f55eeb1d28767c339c9405a50484e_val_1	491.0	719.0	436.0	0.3	0.3	0.3	623140.0	176272.0	271673.0	173549.0
CH_19_R_19CH008_BL_ADL_F__SRR17643012__R1__0337ff931531a685c552893ce7dd505e_val_1	5203.0	9121.0	5056.0	0.3	0.3	0.3	5922413.0	1593221.0	2763397.0	1546415.0
CH_19_R_19CH091_BL_ADL_M__SRR17643068__R1__ba4871885bba09ec9a877673464579c2_val_1	541.0	847.0	508.0	0.3	0.3	0.3	687862.0	184171.0	323375.0	178420.0
CH_20_R_20CH003_BL_ADL_M__SRR17643263__R1__8263d5d14b3f18e5c67a31f86d888009_val_1	568.0	904.0	529.0	0.3	0.3	0.3	739108.0	198711.0	345218.0	193178.0
CH_20_R_20CH005_BL_ADL_M__SRR17643261__R1__d2a2e1de2d795b161b9cc2903f906a6f_val_1	642.0	1001.0	667.0	0.3	0.3	0.3	823206.0	231931.0	361354.0	227611.0
CH_20_R_20CH006_BL_ADL_F__SRR17643260__R1__2f326fc8ddda2bf08fd65dd1c1c5f780_val_1	424.0	640.0	395.0	0.3	0.3	0.3	518887.0	138928.0	242887.0	135613.0
CN_14_G_1086_BL_ADL_M__SRR17643275__R1__1969570b6fc708c33cad733317ff37d0_val_1	1390.0	2196.0	1428.0	0.3	0.3	0.3	1563345.0	427748.0	715670.0	414913.0
CN_14_G_1089_BL_ADL_M__SRR17643192__R1__66e0a2b53593b2676a0ff327f947e920_val_1	41.0	63.0	31.0	0.3	0.2	0.2	56689.0	15150.0	26732.0	14672.0
CN_14_G_1089_BL_ADL_M__SRR17643274__R1__898d298f3bc6bc2850d9d6b58412ab6c_val_1	280.0	561.0	297.0	0.2	0.3	0.3	437382.0	117147.0	205808.0	113289.0
CN_14_G_1093_BL_ADL_M__SRR17643022__R1__45a284e228130f86ed96a1cb4cc54d18_val_1	686.0	1131.0	624.0	0.3	0.3	0.3	818268.0	222956.0	376056.0	216815.0
CN_14_G_1094_BL_ADL_F__SRR17643069__R1__3fbf3afa698261550ee064fdeee00583_val_1	1234.0	2153.0	1310.0	0.3	0.3	0.3	1585428.0	427389.0	736925.0	416417.0
CN_14_G_1097_BL_ADL_F__SRR17643047__R1__e64bc39d9b28ccb985fb23afe2a8bb42_val_1	74.0	187.0	51.0	0.3	0.4	0.2	104375.0	27710.0	49275.0	27078.0
CN_14_G_1097_BL_ADL_F__SRR17643058__R1__ff85361ffa15b071c572410bf31f54af_val_1	508.0	1002.0	543.0	0.3	0.3	0.3	741271.0	197952.0	348150.0	193116.0
CN_14_G_1098_BL_ADL_F__SRR17643121__R1__776922b8fc01c761304085379ed7ec90_val_1	821.0	1425.0	823.0	0.3	0.3	0.3	968945.0	258775.0	454621.0	252480.0
CN_14_G_1099_BL_ADL_M__SRR17643110__R1__64d64834c6b1039749c9af3e019d0bcd_val_1	681.0	1324.0	724.0	0.3	0.3	0.3	903355.0	242576.0	422202.0	235848.0
CN_14_G_1100_BL_ADL_F__SRR17643099__R1__38bf1e943751e7a4bbf0b2ef3b11e10d_val_1	854.0	1363.0	751.0	0.3	0.3	0.3	999515.0	268795.0	466211.0	261541.0
CN_14_G_1102_BL_ADL_M__SRR17643262__R1__eb961bbe3d232e5a38e72af2cd42e6e4_val_1	100.0	207.0	99.0	0.3	0.4	0.3	116733.0	31127.0	55183.0	30017.0
CN_14_G_1102_BL_ADL_M__SRR17643273__R1__7b1291d46dde16d802063b4777723797_val_1	504.0	840.0	478.0	0.3	0.3	0.3	684551.0	183271.0	322811.0	176647.0
CN_14_G_1103_BL_ADL_M__SRR17643251__R1__b2ecf7e767354713a32a717416f20af3_val_1	887.0	1636.0	890.0	0.3	0.3	0.3	1148516.0	309341.0	535268.0	300494.0
CN_14_G_1104_BL_ADL_M__SRR17643147__R1__1d9d6e2c046452c89afc5d064255f7dd_val_1	828.0	1606.0	769.0	0.3	0.3	0.3	1064161.0	285701.0	497959.0	277298.0
CN_14_G_1105_BL_ADL_F__SRR17643136__R1__1e5684ca56aaed7cfc8723140cf45674_val_1	897.0	1407.0	893.0	0.3	0.3	0.3	1046839.0	281016.0	489482.0	273144.0
CN_16_RG_1652_BL_ADL_F__SRR17643021__R1__0cfa3cdc92fc616780289ea33b672311_val_1	4072.0	6871.0	4064.0	0.3	0.3	0.3	4903380.0	1318118.0	2291837.0	1278418.0
CN_16_RG_2014_BL_ADL_F__SRR17643054__R1__3701085736bcf83fd406a2eca1b603d7_val_1	530.0	754.0	478.0	0.3	0.3	0.3	622239.0	167572.0	289600.0	163305.0
CN_16_RG_2014_BL_ADL_F__SRR17643055__R1__b9440af1d0ee3f2d053ba6cb21b1cbcb_val_1	62.0	129.0	85.0	0.2	0.3	0.3	94263.0	25369.0	43902.0	24716.0
CN_16_RG_2017_BL_ADL_F__SRR17643053__R1__90a2c074ce9aded2eabc8f444c90dab9_val_1	808.0	1449.0	859.0	0.3	0.3	0.3	1028865.0	276117.0	480700.0	268932.0
CN_16_RG_2019_BL_ADL_F__SRR17643051__R1__5e6b89aa2b0a7986f68ff908f3ce4853_val_1	107.0	111.0	108.0	0.4	0.3	0.5	92074.0	24405.0	43570.0	23773.0
CN_16_RG_2019_BL_ADL_F__SRR17643052__R1__690ea0720f9157d35b7351495080d4b4_val_1	564.0	891.0	465.0	0.3	0.3	0.3	664054.0	176343.0	314025.0	171766.0
CN_16_RG_2020_BL_ADL_M__SRR17643049__R1__c45d188f4d3f43b031a1b13fd63f89b5_val_1	128.0	209.0	137.0	0.2	0.2	0.2	212130.0	57070.0	99277.0	55309.0
CN_16_RG_2020_BL_ADL_M__SRR17643050__R1__4136cc7c1b11bd36bc5ac494834150d7_val_1	718.0	1289.0	721.0	0.2	0.2	0.2	1150085.0	308318.0	540374.0	298665.0
CN_16_RG_2021_BL_ADL_M__SRR17643046__R1__745d2d795c54bbefa255e4abde19ee9b_val_1	863.0	1527.0	910.0	0.3	0.3	0.3	1226487.0	329444.0	573464.0	320279.0
CN_16_RG_2021_BL_ADL_M__SRR17643048__R1__5c32a50988902bc4a8b6ef9211b30226_val_1	119.0	183.0	131.0	0.2	0.2	0.3	177894.0	47630.0	83479.0	46352.0
CN_16_RG_2023_BL_ADL_M__SRR17643044__R1__699d3c295b0eb76921ba61523ead2f14_val_1	657.0	1176.0	658.0	0.3	0.3	0.3	908552.0	245514.0	421469.0	239078.0
CN_16_RG_2023_BL_ADL_M__SRR17643045__R1__f01d3e3480bc91c04c7318057be4b926_val_1	104.0	186.0	125.0	0.3	0.3	0.3	152008.0	40878.0	71055.0	39660.0
CN_16_RG_2027_BL_ADL_M__SRR17643042__R1__446eb7935d68ad7a2bec215c1af40c15_val_1	147.0	270.0	104.0	0.3	0.3	0.2	199621.0	53608.0	93121.0	52371.0
CN_16_RG_2027_BL_ADL_M__SRR17643043__R1__c299cfe386524cbcfa621402e2dbd9a2_val_1	1143.0	1972.0	1068.0	0.3	0.3	0.3	1424403.0	382376.0	668966.0	368878.0
CN_16_RG_2029_BL_ADL_F__SRR17643040__R1__5b04e8c79c2c718520335b70fa2071d5_val_1	359.0	598.0	347.0	0.3	0.2	0.3	511444.0	136983.0	240823.0	132334.0
CN_16_RG_2029_BL_ADL_F__SRR17643125__R1__3373616e7cdb5c0fc20acb0f6cdc2648_val_1	43.0	80.0	50.0	0.2	0.3	0.3	67870.0	18097.0	31911.0	17689.0
CN_16_RG_2030_BL_ADL_M__SRR17643123__R1__1d93cf920e9e243dbfe3c66e5fa1d8c3_val_1	55.0	79.0	28.0	0.3	0.2	0.1	79191.0	21109.0	37458.0	20462.0
CN_16_RG_2030_BL_ADL_M__SRR17643124__R1__8588b733582e46a2271e463250c015ce_val_1	523.0	964.0	478.0	0.3	0.3	0.3	601766.0	160016.0	283972.0	155813.0
CN_16_RG_2031_BL_ADL_F__SRR17643122__R1__dbf00865c5ad84939425de73519ba521_val_1	557.0	892.0	521.0	0.3	0.3	0.3	640074.0	171725.0	299819.0	166560.0
CN_16_RG_2033_BL_ADL_M__SRR17643119__R1__81160a9c4913df093c3dfcf887b72706_val_1	80.0	104.0	66.0	0.3	0.3	0.3	87245.0	23235.0	41156.0	22604.0
CN_16_RG_2033_BL_ADL_M__SRR17643120__R1__f5908ae7ad441619d5818b8704570971_val_1	315.0	538.0	293.0	0.3	0.3	0.3	441228.0	118678.0	207249.0	114155.0
CN_16_RG_2044_BL_ADL_F__SRR17643117__R1__018d0d4074b80258bce4ee7dba7196ac_val_1	555.0	956.0	516.0	0.4	0.4	0.4	537569.0	143585.0	251773.0	140184.0
CN_16_RG_2044_BL_ADL_F__SRR17643118__R1__9d60dd8a723ce0fc501c7ccfed55bb99_val_1	135.0	248.0	129.0	0.4	0.4	0.4	137659.0	37069.0	64156.0	35922.0
CN_16_RG_2050_BL_ADL_M__SRR17777320__R1__6cce2c1fa487d06beb473209ee6867a3_val_1	523.0	926.0	567.0	0.3	0.3	0.3	703350.0	188013.0	331483.0	181838.0
CN_16_RG_2050_BL_ADL_M__SRR17777321__R1__ac5b2cd742ab4a5b425c3fbe153f8ec3_val_1	15.0	10.0	8.0	0.5	0.2	0.3	10520.0	2811.0	4951.0	2725.0
CN_16_RG_2050_BL_ADL_M__SRR17777322__R1__e468dd52640a659d9f4c1ce39666c7cc_val_1	44.0	74.0	36.0	0.3	0.3	0.2	55000.0	14771.0	25680.0	14395.0
CN_16_RG_2054_BL_ADL_F__SRR17643115__R1__40ca6761181378874655bb4ffc67de56_val_1	580.0	1021.0	578.0	0.3	0.3	0.3	762899.0	206409.0	354622.0	199689.0
CN_16_RG_2054_BL_ADL_F__SRR17643116__R1__493531dcfdd77195c1286a4c2c426c7b_val_1	92.0	173.0	102.0	0.2	0.3	0.3	137968.0	37303.0	63890.0	36408.0
CN_16_RG_2058_BL_ADL_F__SRR17643113__R1__10e93fb99f8726b5bd21cd78029e491f_val_1	483.0	854.0	555.0	0.3	0.3	0.3	620846.0	167250.0	289226.0	162478.0
CN_16_RG_2058_BL_ADL_F__SRR17643114__R1__c2dc561a0c87f26d5b53620b0460ca7f_val_1	112.0	200.0	81.0	0.3	0.3	0.2	124655.0	33593.0	58115.0	32554.0
CN_16_RG_2059_BL_ADL_M__SRR17643111__R1__afd1352d1f92ff67c54ef554e1157ff7_val_1	528.0	957.0	558.0	0.3	0.3	0.3	718675.0	192570.0	336314.0	187748.0
CN_16_RG_2059_BL_ADL_M__SRR17643112__R1__c77da0ecdef2a14add742e2a2dd03a39_val_1	113.0	157.0	126.0	0.3	0.2	0.3	137206.0	36846.0	63758.0	36206.0
CN_16_RG_2063_BL_ADL_F__SRR17643108__R1__a536a1f093a7860d881e2b323ea5b135_val_1	479.0	819.0	471.0	0.3	0.3	0.3	622823.0	168074.0	290685.0	162295.0
CN_16_RG_2063_BL_ADL_F__SRR17643109__R1__17c45d609f814a7eb1b2a053ee8397ff_val_1	91.0	152.0	92.0	0.3	0.3	0.3	112119.0	30120.0	52218.0	29446.0
CN_16_RG_2066_BL_ADL_M__SRR17643107__R1__eb787feee7a53f56ad5cfc5ec2bfd413_val_1	859.0	1438.0	801.0	0.3	0.3	0.3	1002320.0	268436.0	470823.0	259963.0
CN_16_RG_2068_BL_ADL_F__SRR17643105__R1__d203dba49667f97977b64705812d4f42_val_1	1529.0	2580.0	1466.0	0.3	0.3	0.3	1728840.0	461929.0	812426.0	448910.0
CN_16_RG_2068_BL_ADL_F__SRR17643106__R1__73449abaa1ad16a82e2aba4caac1eafc_val_1	216.0	354.0	199.0	0.3	0.3	0.3	260057.0	69320.0	122307.0	67661.0
CN_16_RG_2069_BL_ADL_M__SRR17643104__R1__0f4bf439679adeab09b193197e7c8310_val_1	815.0	1353.0	749.0	0.3	0.3	0.3	956065.0	257181.0	446432.0	249535.0
CN_16_RG_2070_BL_ADL_F__SRR17643102__R1__55b872714a635817e964db30c2e8c21c_val_1	838.0	1401.0	760.0	0.3	0.3	0.3	998544.0	267228.0	470302.0	258015.0
CN_16_RG_2070_BL_ADL_F__SRR17643103__R1__38d2c886c50c07566937d334428ec61f_val_1	128.0	248.0	181.0	0.3	0.3	0.4	181038.0	48690.0	84304.0	47487.0
CN_16_RG_2072_BL_ADL_M__SRR17643100__R1__22e9f3bacfc0f453658f23f0b2c2d824_val_1	1667.0	2665.0	1581.0	0.3	0.3	0.3	2016145.0	542219.0	940495.0	527518.0
CN_16_RG_2072_BL_ADL_M__SRR17643101__R1__131ecfc11dae172e30354139d73fc55e_val_1	252.0	406.0	237.0	0.3	0.3	0.3	297270.0	80062.0	138766.0	77547.0
CN_16_RG_2074_BL_ADL_M__SRR17643097__R1__56db441924427b03e45a3f4f3ecc322e_val_1	99.0	154.0	97.0	0.3	0.3	0.3	125822.0	33602.0	58623.0	33247.0
CN_16_RG_2074_BL_ADL_M__SRR17643163__R1__c7d82dcdc159b4bf3d3db18ca58dd41d_val_1	491.0	865.0	479.0	0.3	0.3	0.3	651016.0	175876.0	303578.0	169727.0
CN_17_RG_1705_BL_ADL_M__SRR17643019__R1__7c8a9557482918777b20c944a452286d_val_1	413.0	685.0	447.0	0.3	0.3	0.3	572683.0	153916.0	267352.0	149870.0
CN_17_RG_1705_BL_ADL_M__SRR17643020__R1__c4c3220798e15344d6fe5cad0bb0b29e_val_1	74.0	120.0	69.0	0.3	0.3	0.3	96047.0	26072.0	44754.0	24958.0
CN_17_RG_2077_BL_ADL_M__SRR17643161__R1__ac44305fd431da10568b18f10f42411a_val_1	752.0	1313.0	766.0	0.3	0.3	0.3	980803.0	264714.0	456578.0	256680.0
CN_17_RG_2077_BL_ADL_M__SRR17643162__R1__ec4b689cbe3964172767da5940443c34_val_1	117.0	200.0	82.0	0.3	0.3	0.2	145950.0	39714.0	67338.0	38499.0
CN_17_RG_2079_BL_ADL_F__SRR17643160__R1__8709fd6d07af18d59c4849d38f090ec9_val_1	234.0	401.0	229.0	0.2	0.2	0.2	374535.0	101810.0	172967.0	98894.0
CN_17_RG_2081_BL_ADL_F__SRR17643158__R1__be1f50da4fe841267816476a49666641_val_1	45.0	74.0	52.0	0.2	0.2	0.3	74523.0	19627.0	35606.0	19119.0
CN_17_RG_2081_BL_ADL_F__SRR17643159__R1__8cdbffccf62924da751171aa968299c0_val_1	382.0	721.0	408.0	0.2	0.3	0.3	579060.0	154854.0	273574.0	149121.0
CN_17_RG_2082_BL_ADL_F__SRR17643157__R1__32cec8f00e76b1931b6c2b15dd533ba9_val_1	797.0	1213.0	782.0	0.3	0.3	0.3	982594.0	264717.0	458117.0	256968.0
CN_17_RG_2086_BL_ADL_F__SRR17643154__R1__dfc65a86a855da304bcaec1056be33e8_val_1	565.0	926.0	546.0	0.3	0.3	0.3	760947.0	203356.0	357510.0	198044.0
CN_17_RG_2086_BL_ADL_F__SRR17643156__R1__fbbdba2e20a5e336f7be9473daced88a_val_1	107.0	148.0	84.0	0.3	0.3	0.3	123613.0	33233.0	57745.0	32296.0
CN_17_RG_2087_BL_ADL_M__SRR17643272__R1__6ccaa1e00e6095a9ba2f8eed78c0b38a_val_1	1190.0	1912.0	1182.0	0.3	0.3	0.3	1458214.0	392465.0	680314.0	381151.0
CN_17_RG_2091_BL_ADL_F__SRR17643270__R1__b9b08ea7246ad8003055c4c087036ce4_val_1	299.0	590.0	333.0	0.2	0.3	0.3	447017.0	119685.0	209544.0	116566.0
CN_17_RG_2091_BL_ADL_F__SRR17643271__R1__f3e2650773095cc4bfc151c931869ab4_val_1	80.0	130.0	91.0	0.3	0.3	0.4	90348.0	24591.0	41484.0	23972.0
CN_17_RG_2093_BL_ADL_M__SRR17643268__R1__8ad2e44478fa23bd99accd64c76810dc_val_1	474.0	818.0	494.0	0.3	0.3	0.3	627095.0	167924.0	293848.0	163537.0
CN_17_RG_2093_BL_ADL_M__SRR17643269__R1__37ba84630d1f4efd2b9d2560ed0665fb_val_1	85.0	114.0	89.0	0.3	0.2	0.3	106082.0	28444.0	49836.0	27514.0
CN_17_RG_2094_BL_ADL_F__SRR17643266__R1__a24d6f2bf320202084322be5f794b5ab_val_1	671.0	1172.0	675.0	0.3	0.3	0.3	853914.0	228320.0	400418.0	222658.0
CN_17_RG_2094_BL_ADL_F__SRR17643267__R1__fbef794847220ed54548ad391a8f172e_val_1	117.0	181.0	106.0	0.3	0.3	0.3	139365.0	37091.0	65145.0	36725.0
CN_17_RG_2099_BL_ADL_M__SRR17643264__R1__d07d7fbb0def2ff67772ea5277fae56c_val_1	183.0	311.0	202.0	0.3	0.3	0.3	241379.0	64794.0	113152.0	62737.0
CN_17_RG_2099_BL_ADL_M__SRR17643265__R1__2a8e6ac49b7aef13efedce9ddb76c033_val_1	1152.0	1954.0	1132.0	0.3	0.3	0.3	1555438.0	417007.0	730972.0	403221.0
CN_17_RG_2102_BL_ADL_F__SRR17643254__R1__b84c31d21811d7ddd65599285b329bb4_val_1	613.0	1025.0	674.0	0.3	0.3	0.3	808186.0	218810.0	374442.0	212622.0
CN_17_RG_2105_BL_ADL_F__SRR17643252__R1__8fb6ac9cbbff3219091f38c53fb10f3f_val_1	409.0	626.0	413.0	0.3	0.3	0.3	507077.0	135778.0	237780.0	132071.0
CN_17_RG_2105_BL_ADL_F__SRR17643253__R1__165e5010cdb731c05d2d214fe924f3a9_val_1	80.0	155.0	82.0	0.3	0.3	0.3	109800.0	29190.0	51903.0	28390.0
CN_17_RG_2107_BL_ADL_F__SRR17643249__R1__ffde05bfb0e4a29efeb937fbb18884e0_val_1	464.0	721.0	456.0	0.3	0.3	0.3	571016.0	153209.0	266619.0	149547.0
CN_17_RG_2107_BL_ADL_F__SRR17643250__R1__3227d3a1cc4b8b747e2dc77ef1125665_val_1	93.0	142.0	95.0	0.3	0.3	0.3	110121.0	29562.0	51534.0	28695.0
CN_17_RG_2111_BL_ADL_F__SRR17643248__R1__f0c3d70c2264678413504f47f83fea86_val_1	1593.0	2848.0	1624.0	0.3	0.3	0.3	1976450.0	530345.0	923651.0	516389.0
CN_17_RG_2113_BL_ADL_M__SRR17643155__R1__3efbeac594866d18d29ae820c9513dca_val_1	1018.0	1796.0	1055.0	0.3	0.3	0.3	1286037.0	345939.0	599825.0	336404.0
CN_17_RG_2114_BL_ADL_M__SRR17643152__R1__e77b72e76daacc69d0226cfb8e31d7d7_val_1	878.0	1438.0	828.0	0.3	0.3	0.3	1081511.0	289592.0	507199.0	281576.0
CN_17_RG_2114_BL_ADL_M__SRR17643153__R1__31f3ed127c6e58ce6e1d8cfdf7efeba4_val_1	141.0	280.0	140.0	0.3	0.3	0.3	183429.0	49068.0	86193.0	47607.0
CN_17_RG_2115_BL_ADL_F__SRR17643150__R1__42fb3431054458d6d156a285802e077c_val_1	242.0	368.0	235.0	0.3	0.3	0.3	315290.0	85529.0	145339.0	83577.0
CN_17_RG_2115_BL_ADL_F__SRR17643151__R1__517fb4f51c035b9bc0e0beb14c964ddc_val_1	43.0	95.0	64.0	0.2	0.3	0.3	79502.0	21673.0	36293.0	21334.0
CN_17_RG_2116_BL_ADL_M__SRR17643149__R1__4e04f7ea01f8f2db298d513bf750e67e_val_1	635.0	1004.0	557.0	0.3	0.3	0.3	771155.0	207418.0	359977.0	201564.0
CN_17_RG_2121_BL_ADL_F__SRR17643148__R1__6da42680924b3e24f144eeb6436f1847_val_1	478.0	727.0	455.0	0.3	0.2	0.3	628839.0	169096.0	293499.0	164584.0
CN_17_RG_2122_BL_ADL_F__SRR17643145__R1__4a8db3d47317d17d9b0c2d80853cb47a_val_1	880.0	1648.0	962.0	0.3	0.3	0.3	1215877.0	326535.0	569425.0	316427.0
CN_17_RG_2122_BL_ADL_F__SRR17643146__R1__d086543f481b14e37a21c18d268043d1_val_1	173.0	261.0	150.0	0.3	0.3	0.3	203427.0	54797.0	94966.0	53080.0
CN_17_RG_2123_BL_ADL_M__SRR17643144__R1__9ddcfc422bce5ca5643ee433b134a58b_val_1	720.0	1129.0	773.0	0.3	0.3	0.3	867600.0	234785.0	400650.0	229543.0
DE_06_R_U085067_BL_ADL_F__SRR17643235__R1__05710342cf7e8b7d57e35046a899c7c4_val_1	831.0	1207.0	823.0	0.3	0.3	0.3	1002435.0	284601.0	434779.0	280194.0
DE_06_R_U149791_BL_ADL_M__SRR17643234__R1__44c08baad7f4ad8d3cb6b7e6a01c8e05_val_1	544.0	873.0	544.0	0.3	0.3	0.3	659625.0	188409.0	283908.0	185347.0
DE_06_R_U168348_BL_CHK_U__SRR17643231__R1__2f999eab6cd68b59d28d513c5aead658_val_1	349.0	561.0	319.0	0.3	0.3	0.3	474935.0	128637.0	219941.0	125128.0
DE_07_R_U149791_BL_ADL_M__SRR17643233__R1__940be4085e6b0d9c7f984db0a5dd2bb8_val_1	902.0	1490.0	897.0	0.3	0.3	0.3	1237196.0	332467.0	577827.0	323613.0
DE_07_R_U150702_BL_ADL_M__SRR17643232__R1__6dd25ba4ebba2668ad4f279698d46c9d_val_1	1110.0	1632.0	1071.0	0.3	0.3	0.3	1286641.0	364497.0	559734.0	358597.0
DE_07_R_U170608_BL_YRL_M__SRR17643230__R1__0c0141d8d5e918972aa448cee61b4ef9_val_1	1372.0	2440.0	1348.0	0.3	0.3	0.3	1848044.0	498446.0	860512.0	483926.0
DE_07_R_ZD007779_BL_CHK_F__SRR17643027__R1__f11b8c27f0d28aa161cc9c80d764b434_val_1	291.0	493.0	230.0	0.3	0.3	0.2	393554.0	106240.0	182877.0	103423.0
DE_08_R_90037526_BL_CHK_U__SRR17643132__R1__55975549d33d42d135a1a18acee3dfcc_val_1	428.0	729.0	463.0	0.3	0.3	0.3	564908.0	152407.0	263198.0	147683.0
DE_08_R_90039469_BL_CHK_U__SRR17643131__R1__37c1019ab29bc6cad3d8f25bb8dbbefe_val_1	556.0	949.0	504.0	0.3	0.3	0.3	707533.0	189892.0	331410.0	184222.0
DE_08_R_U170608_BL_ADL_M__SRR17643229__R1__6bf267b2c367aeafeec6ce33515606cf_val_1	539.0	821.0	508.0	0.3	0.3	0.3	629245.0	179798.0	270298.0	177281.0
DE_08_R_U184095_BL_ADL_F__SRR17643228__R1__936930d54f4e0563f5763e60bf2d15fb_val_1	2391.0	4011.0	2431.0	0.3	0.3	0.3	2903248.0	779972.0	1355701.0	758742.0
DE_08_R_U240585_BL_YRL_F__SRR17643226__R1__d6a707af3ffcb31969287144922d8ca4_val_1	827.0	1586.0	838.0	0.3	0.3	0.3	1100506.0	295394.0	516658.0	285203.0
DE_08_R_U240585_BL_YRL_F__SRR17643227__R1__439b8a36e4067f0457eb4f5814facd68_val_1	188.0	307.0	160.0	0.3	0.3	0.3	239351.0	63934.0	112239.0	62523.0
DE_08_R_ZD007739_BL_YRL_M__SRR17643029__R1__87b4f5db97265fddc209f33b5597b539_val_1	20456.0	34508.0	20170.0	0.3	0.3	0.3	22241984.0	5968328.0	10403046.0	5795476.0
DE_08_R_ZD007739_BL_YRL_M__SRR17777314__R1__ec0829e7eb76f8e01109ee90df9933ce_val_1	15491.0	26473.0	15522.0	0.3	0.3	0.3	16990740.0	4559946.0	7933312.0	4439996.0
DE_08_R_ZD007739_BL_YRL_M__SRR17777315__R1__4aeb8415b8ed765e1def6b9960b4e31d_val_1	2816.0	4606.0	2644.0	0.3	0.3	0.3	3051714.0	818057.0	1428605.0	794986.0
DE_08_R_ZD007739_BL_YRL_M__SRR17777316__R1__d8e26079d2384d1f0432756348475162_val_1	2557.0	4236.0	2523.0	0.3	0.3	0.3	2782300.0	746723.0	1301566.0	724695.0
DE_08_R_ZD007779_BL_YRL_F__SRR17643026__R1__dd023d2c4bb33c293e2039b21aee8d36_val_1	360.0	679.0	395.0	0.2	0.3	0.3	545687.0	146818.0	254389.0	143046.0
DE_09_R_U240585_BL_ADL_F__SRR17643224__R1__56b3f7ff1354199502017413cf7ec4e6_val_1	425.0	709.0	403.0	0.3	0.3	0.3	541036.0	146244.0	251357.0	141898.0
DE_09_R_U241924_BL_ADL_F__SRR17643223__R1__34a7531b2ff36347512da4b5647f69db_val_1	513.0	872.0	563.0	0.3	0.3	0.3	624988.0	179289.0	267392.0	176359.0
DE_09_R_ZD007739_BL_ADL_M__SRR17643028__R1__d7286b2ea07222521de2e5264ad61c42_val_1	585.0	990.0	555.0	0.3	0.3	0.3	661450.0	178986.0	305412.0	174922.0
DE_19_R_19DE043_BL_ADL_M__SRR17643067__R1__1b37b6550c557cceaa9b9198f7ec7d3c_val_1	479.0	722.0	481.0	0.3	0.3	0.3	652218.0	186752.0	279821.0	183963.0
DE_19_R_19DE044_BL_ADL_F__SRR17643066__R1__ad79a43c687e15ed02a5637394240fa3_val_1	832.0	1353.0	849.0	0.3	0.3	0.3	972705.0	274583.0	424944.0	270144.0
DE_19_R_19DE054_BL_ADL_M__SRR17643065__R1__7c1f8d71e72bc6616de60697819d555d_val_1	354.0	609.0	343.0	0.3	0.3	0.3	512631.0	138718.0	237799.0	134808.0
DE_19_R_19DE057_BL_ADL_F__SRR17643064__R1__8d55184eac4dd1eb376af8106b199884_val_1	514.0	852.0	516.0	0.3	0.3	0.3	695374.0	188781.0	321177.0	183534.0
DE_19_R_19DE108_BL_ADL_M__SRR17643063__R1__e79f88f8d42ea42721e1b8eb873df071_val_1	434.0	678.0	459.0	0.3	0.3	0.3	596040.0	170014.0	257466.0	166989.0
DE_19_R_19DE110_BL_ADL_F__SRR17643062__R1__c4eb351aa1b150227f670c33a744575b_val_1	402.0	605.0	422.0	0.2	0.3	0.3	561861.0	161690.0	240359.0	158383.0
DE_20_R_20DE008_BL_ADL_F__SRR17643259__R1__07cc622bdc794b70f452c5fbee9a1c16_val_1	441.0	730.0	441.0	0.2	0.3	0.2	634263.0	180473.0	273786.0	178392.0
DE_20_R_20DE071_BL_ADL_M__SRR17643258__R1__0bd8241392428447f4cdfb842353ce5c_val_1	662.0	924.0	702.0	0.3	0.2	0.3	871551.0	247138.0	378272.0	243853.0
DE_20_R_20DE078_BL_ADL_M__SRR17643257__R1__a0d88e9fdcf96063dbc4096f783f8918_val_1	360.0	565.0	419.0	0.2	0.2	0.3	551615.0	158263.0	235610.0	156398.0
DE_20_R_20DE139_BL_ADL_F__SRR17643256__R1__9ee71c866a868115e51f179a63560eef_val_1	234.0	427.0	238.0	0.3	0.3	0.3	344841.0	93081.0	160384.0	90477.0
DE_20_R_20DE145_BL_ADL_M__SRR17643255__R1__b1bad1738e1f532f23075c9066ee956d_val_1	582.0	878.0	575.0	0.3	0.3	0.3	800336.0	226926.0	346874.0	224501.0
EG_15_S_1602_BL_ADL_U__SRR17643236__R1__67b97a71436ca90c29a81b529e19df8c_val_1	451.0	686.0	455.0	0.3	0.3	0.3	500133.0	133760.0	234497.0	130284.0
EG_15_S_1602_BL_ADL_U__SRR17643247__R1__5e06e72bfec4e1523a130d0abdeee8be_val_1	90.0	159.0	93.0	0.3	0.3	0.3	127930.0	34435.0	59762.0	33391.0
EG_15_S_1603_BL_ADL_U__SRR17643214__R1__890e6061321190e4d06001490ed84a97_val_1	370.0	641.0	406.0	0.3	0.3	0.3	515730.0	138747.0	240793.0	134773.0
EG_15_S_1603_BL_ADL_U__SRR17643225__R1__a3b221ad7b1daf08e344f4206f171e3a_val_1	102.0	145.0	61.0	0.4	0.3	0.2	98664.0	26206.0	46210.0	25940.0
EG_15_S_1605_BL_ADL_U__SRR17643203__R1__8f98d91dea712a0ee6823e5b1bf672e8_val_1	738.0	1256.0	718.0	0.3	0.3	0.3	899883.0	240440.0	421895.0	234836.0
EG_15_S_1608_BL_ADL_U__SRR17643086__R1__221acfabdb9c2d6eac2d9640fbfe2089_val_1	357.0	530.0	347.0	0.3	0.3	0.3	398262.0	107794.0	184318.0	104916.0
EG_15_S_1608_BL_ADL_U__SRR17643098__R1__68e7c8337a94a62a86470db26daf0f22_val_1	58.0	121.0	65.0	0.3	0.3	0.3	79591.0	21352.0	37138.0	20857.0
EG_15_S_1609_BL_ADL_U__SRR17643075__R1__30f9a10009580faa78e87644c5e2c33e_val_1	83.0	123.0	68.0	0.3	0.3	0.3	91511.0	24494.0	42883.0	23860.0
EG_15_S_1609_BL_ADL_U__SRR17643186__R1__e0eaad7ce04b69c0e2d02d8a14d2392c_val_1	307.0	565.0	295.0	0.3	0.3	0.3	415021.0	111856.0	193522.0	108476.0
EG_15_S_1610_BL_ADL_U__SRR17643164__R1__67f96fcb7b39e3fce8ff1f1d73501756_val_1	554.0	939.0	530.0	0.3	0.3	0.3	692789.0	185821.0	323562.0	181383.0
EG_15_S_1610_BL_ADL_U__SRR17643175__R1__32bae611a8b9073819c32d28c36cb1f5_val_1	130.0	241.0	137.0	0.3	0.3	0.3	167930.0	45126.0	78640.0	43656.0
EG_15_S_1611_BL_ADL_U__SRR17643025__R1__6541511f0b44d5574a27fe54ddc85ceb_val_1	339.0	658.0	370.0	0.3	0.3	0.3	471496.0	125482.0	222392.0	122255.0
EG_15_S_1611_BL_ADL_U__SRR17643030__R1__b0b915f6a9fcc79e26288f21380e6142_val_1	83.0	146.0	89.0	0.3	0.3	0.3	111859.0	29753.0	52508.0	29280.0
EG_15_S_1612_BL_ADL_U__SRR17643023__R1__5a0e636be124b6000747341b9c481dcd_val_1	513.0	891.0	513.0	0.3	0.3	0.3	619357.0	166063.0	289282.0	162095.0
EG_15_S_1612_BL_ADL_U__SRR17643024__R1__bf9326dfe9811282774513c64e7d0899_val_1	151.0	238.0	124.0	0.3	0.3	0.3	171007.0	45413.0	80735.0	44346.0
FI_18_R_18FI002_BL_ADL_M__SRR17643016__R1__8ceb7d2dddb00fbf82e0e73a8ef485ec_val_1	468.0	799.0	449.0	0.3	0.3	0.3	624930.0	168766.0	289503.0	164945.0
FI_18_R_18FI020_BL_ADL_F__SRR17643015__R1__5f9e56d99128b818b096e88f96237234_val_1	491.0	824.0	536.0	0.3	0.3	0.3	670524.0	190463.0	290906.0	187304.0
FI_18_R_18FI082_BL_ADL_M__SRR17643014__R1__f7cae2daa17f2abeb35a884093518118_val_1	414.0	754.0	467.0	0.3	0.3	0.3	595568.0	160818.0	277761.0	155354.0
FI_19_R_19FI037_BL_ADL_M__SRR17643061__R1__206464b003f521019877ca1103f4640e_val_1	475.0	789.0	474.0	0.3	0.3	0.3	618344.0	167559.0	285597.0	163450.0
FI_19_R_19FI052_BL_ADL_F__SRR17643060__R1__f019dbb227c82fd35d4f3747ce20e428_val_1	488.0	776.0	477.0	0.3	0.3	0.3	654791.0	185296.0	285090.0	182664.0
FI_19_R_19FI067_BL_ADL_M__SRR17643059__R1__159f90595c58c8d4e052e5a37b00eb77_val_1	1058.0	1631.0	1093.0	0.3	0.3	0.3	1409674.0	400430.0	609543.0	395919.0
FI_19_R_19FI092_BL_ADL_M__SRR17643057__R1__96076ffa9c95e658ab83bdec0b1aa06f_val_1	282.0	480.0	319.0	0.2	0.3	0.3	421084.0	120194.0	181306.0	118503.0
FI_19_R_19FI106_BL_ADL_M__SRR17643056__R1__5bc8b3cd4f7fe631ebfd21cdfae53f56_val_1	400.0	661.0	358.0	0.3	0.3	0.3	449893.0	121451.0	209588.0	117435.0
IL_15_TV_X242014_BL_ADL_F__SRR17643168__R1__818def9d5d145c163d3fc153d04bf16a_val_1	797.0	1406.0	812.0	0.3	0.3	0.3	997614.0	269442.0	463809.0	261348.0
IL_15_TV_X242015_BL_ADL_F__SRR17643166__R1__2c62db82fefb65803e0dd0113343619a_val_1	390.0	601.0	356.0	0.3	0.3	0.3	457569.0	121784.0	215424.0	119014.0
IL_15_TV_X242015_BL_ADL_F__SRR17643167__R1__00a17e54da499fa20a8a94c08ff01ccc_val_1	71.0	101.0	73.0	0.3	0.2	0.3	90925.0	24280.0	42512.0	23888.0
IL_15_TV_X242018_BL_ADL_M__SRR17643165__R1__48b3779e0fb0c8d4abe59187264d13a7_val_1	699.0	1174.0	685.0	0.3	0.3	0.3	884559.0	238185.0	412438.0	231378.0
IL_15_TV_X242019_BL_ADL_F__SRR17643039__R1__e1be66c829d6fabd1631e7df45b6fff5_val_1	540.0	901.0	525.0	0.3	0.3	0.3	708084.0	189790.0	332662.0	183666.0
IL_15_TV_X242019_BL_ADL_F__SRR17643041__R1__e276d67405e77f46da71f6c879372802_val_1	146.0	219.0	139.0	0.3	0.3	0.3	183342.0	49087.0	85839.0	47912.0
IL_15_TV_X242047_BL_ADL_M__SRR17643037__R1__6102478b11d4aeb870746a152c6ff50f_val_1	820.0	1378.0	789.0	0.3	0.3	0.3	1058713.0	282653.0	498981.0	274092.0
IL_15_TV_X242047_BL_ADL_M__SRR17643038__R1__ef70a6dca61149fd0365207c34f92b20_val_1	218.0	327.0	238.0	0.3	0.3	0.4	254491.0	67948.0	119331.0	66429.0
IL_15_TV_X242048_BL_ADL_F__SRR17643035__R1__cc87eb1ade506de31c131d8a6b6f7f94_val_1	142.0	236.0	130.0	0.3	0.3	0.3	179277.0	48052.0	83896.0	46821.0
IL_15_TV_X242048_BL_ADL_F__SRR17643036__R1__dafb29d22104bf35ad69436c6663acf5_val_1	627.0	1209.0	655.0	0.3	0.3	0.3	821929.0	219983.0	387091.0	212364.0
IL_15_TV_X242072_BL_ADL_M__SRR17643033__R1__1dbe8867019bc99328854d5fb0296790_val_1	496.0	863.0	544.0	0.3	0.3	0.3	625750.0	167848.0	293440.0	162559.0
IL_15_TV_X242072_BL_ADL_M__SRR17643034__R1__d7f55ea1a690cf9bf823e8883ac0cf40_val_1	98.0	227.0	116.0	0.2	0.3	0.3	151258.0	40179.0	71572.0	39066.0
IL_15_TV_X242077_BL_ADL_M__SRR17643031__R1__0c17322a0bea980bb20366ca92b0c0a4_val_1	613.0	1066.0	655.0	0.3	0.3	0.3	844277.0	225735.0	397058.0	219150.0
IL_15_TV_X242077_BL_ADL_M__SRR17643032__R1__5866792e5b93a77dcf84fc225922b7c7_val_1	142.0	248.0	141.0	0.3	0.3	0.3	191376.0	51405.0	89832.0	49608.0
RU_13_RT_VN96011_BL_ADL_F__SRR17643222__R1__10baf97304f33b1b504feaa5a5675044_val_1	368.0	638.0	390.0	0.3	0.3	0.3	535487.0	143544.0	250866.0	139681.0
RU_13_RT_VN96022_BL_ADL_M__SRR17643221__R1__ad92ff284dc52bc0cad8c50e691c27fb_val_1	754.0	1242.0	718.0	0.3	0.3	0.3	920882.0	248260.0	429417.0	240491.0
RU_13_RT_VN96023_BL_ADL_M__SRR17643220__R1__bfb6317a126f8da393c76b210d01838e_val_1	2171.0	3849.0	2187.0	0.3	0.3	0.3	2802005.0	752679.0	1308512.0	732607.0
RU_13_RT_VN96026_BL_ADL_M__SRR17643218__R1__e27b90a47d9556b37b0f06da1d9fdf06_val_1	117.0	156.0	95.0	0.4	0.3	0.3	122383.0	32356.0	57944.0	31715.0
RU_13_RT_VN96026_BL_ADL_M__SRR17643219__R1__e9b74ae1c40e87e5dc98c5e2ae4b8735_val_1	664.0	1057.0	615.0	0.3	0.3	0.3	843508.0	225641.0	396722.0	218809.0
RU_13_RT_VN96034_BL_ADL_M__SRR17643217__R1__2e0dcf5b153e4200ebebf865ed1576ff_val_1	1273.0	2089.0	1198.0	0.3	0.3	0.3	1620986.0	435875.0	756559.0	423992.0
RU_13_RT_VN96035_BL_ADL_F__SRR17643215__R1__e43fb682324ec39ad005903118540dc1_val_1	65.0	127.0	64.0	0.2	0.3	0.2	100242.0	27179.0	46983.0	25824.0
RU_13_RT_VN96035_BL_ADL_F__SRR17643216__R1__7eb03ef2de59f51a28db5dce0e6aa75d_val_1	396.0	653.0	409.0	0.2	0.2	0.3	610408.0	162557.0	287970.0	158423.0
RU_13_RT_VN96037_BL_ADL_M__SRR17643212__R1__2e544e2430011b80db11c2ddd73dced3_val_1	56.0	121.0	46.0	0.3	0.3	0.2	77419.0	20664.0	36544.0	19988.0
RU_13_RT_VN96037_BL_ADL_M__SRR17643213__R1__3a9baefd0627e5bbdcbfd4e7a393f182_val_1	357.0	656.0	322.0	0.3	0.3	0.2	504941.0	134994.0	237536.0	131076.0
RU_13_RT_VN96053_BL_ADL_F__SRR17643210__R1__982415218d09499db1f15000d74ebd64_val_1	87.0	156.0	82.0	0.3	0.3	0.3	114369.0	30377.0	54333.0	29334.0
RU_13_RT_VN96053_BL_ADL_F__SRR17643211__R1__55e85e996824566786aac3263d077f26_val_1	598.0	1058.0	562.0	0.3	0.3	0.2	891993.0	238278.0	421879.0	229618.0
RU_13_RT_VN96054_BL_ADL_F__SRR17643209__R1__a2d6746af03096218630b8f706e10a46_val_1	520.0	858.0	479.0	0.3	0.3	0.3	562850.0	151525.0	262185.0	147283.0
RU_13_RT_VN96055_BL_ADL_F__SRR17643208__R1__38ddf0b3c58ca5ebcdf406820234a48b_val_1	1020.0	1822.0	1076.0	0.3	0.3	0.3	1251140.0	336132.0	585339.0	325751.0
RU_13_RT_VN96056_BL_ADL_M__SRR17643207__R1__e64d30f188bbaa6ed94ed073adb9996b_val_1	373.0	632.0	398.0	0.3	0.3	0.3	519068.0	140147.0	241351.0	136167.0
RU_13_RT_VN96076_BL_ADL_F__SRR17643205__R1__d315ff6339b2bfd6f156974efae11948_val_1	71.0	132.0	63.0	0.3	0.3	0.3	93309.0	24653.0	44056.0	24334.0
RU_13_RT_VN96076_BL_ADL_F__SRR17643206__R1__0be116acce09590781dcee0531b772aa_val_1	456.0	746.0	437.0	0.3	0.3	0.3	563977.0	150949.0	264610.0	146779.0
RU_13_RT_VN96078_BL_ADL_F__SRR17643202__R1__f4cee02242983f5121a4b04dbe63c48c_val_1	61.0	110.0	50.0	0.2	0.2	0.2	109808.0	28796.0	52703.0	28088.0
RU_13_RT_VN96078_BL_ADL_F__SRR17643204__R1__5b6cc0a6fc569eb9a2d0138073682293_val_1	361.0	627.0	365.0	0.2	0.2	0.2	569105.0	151339.0	269363.0	147050.0
RU_13_RT_VN96091_BL_ADL_M__SRR17643200__R1__47fe636183023ef41a0d672a15254da6_val_1	105.0	179.0	97.0	0.3	0.3	0.3	120069.0	32262.0	56388.0	31038.0
RU_13_RT_VN96091_BL_ADL_M__SRR17643201__R1__d19771f42d12acfbc9eb26cbe0bcadc7_val_1	548.0	1035.0	566.0	0.3	0.3	0.3	795251.0	212479.0	375582.0	205041.0
RU_13_RT_VN96136_BL_ADL_M__SRR17643088__R1__2c206c6edb9b407a5490c45c938c1596_val_1	508.0	825.0	553.0	0.2	0.2	0.3	777681.0	212903.0	354953.0	207939.0
RU_13_RT_VN96137_BL_ADL_F__SRR17643085__R1__438c50bb2a9167fbf14eda3b320d16c8_val_1	66.0	102.0	65.0	0.3	0.2	0.3	95519.0	25753.0	44892.0	24641.0
RU_13_RT_VN96137_BL_ADL_F__SRR17643087__R1__5749ca6140f33ff8d530ec7e25f2a9fe_val_1	370.0	666.0	316.0	0.3	0.3	0.2	512592.0	137199.0	241112.0	132929.0
RU_13_RT_VN96138_BL_ADL_M__SRR17643084__R1__f6eba889de27472848b1c777a49a13f9_val_1	477.0	983.0	508.0	0.3	0.4	0.4	504422.0	136166.0	234294.0	131994.0
RU_13_RT_VN96141_BL_ADL_M__SRR17643082__R1__e03dbd8a2517ace74d01f18e296c30b9_val_1	201.0	293.0	157.0	0.3	0.2	0.2	248612.0	66174.0	117447.0	64340.0
RU_13_RT_VN96141_BL_ADL_M__SRR17643083__R1__6b2aca545aeb9f55d403ae24aeaa20cf_val_1	1169.0	2007.0	1152.0	0.3	0.3	0.3	1593397.0	425396.0	750889.0	412784.0
RU_13_RT_VN96144_BL_ADL_M__SRR17643081__R1__1438494c90c979ff36d426d55571dcd2_val_1	715.0	1173.0	685.0	0.3	0.3	0.3	890938.0	238822.0	417316.0	232227.0
RU_13_RT_VN96145_BL_ADL_F__SRR17643079__R1__56d15b689c91c3ed4162ce2276a484f6_val_1	86.0	129.0	64.0	0.3	0.2	0.2	114887.0	30649.0	54213.0	29746.0
RU_13_RT_VN96145_BL_ADL_F__SRR17643080__R1__77df01f3475c8c4bbe15ef21464c5983_val_1	379.0	584.0	389.0	0.3	0.2	0.3	540306.0	143746.0	255137.0	140071.0
RU_13_RT_VN96151_BL_ADL_M__SRR17643077__R1__5b0cb968afee364297047af6e10955c0_val_1	61.0	99.0	60.0	0.3	0.3	0.3	82996.0	22423.0	38403.0	21950.0
RU_13_RT_VN96151_BL_ADL_M__SRR17643078__R1__7e217d48a5868066b5dbbaa73762c0fd_val_1	324.0	597.0	315.0	0.3	0.3	0.3	481506.0	129247.0	226389.0	124634.0
RU_13_RT_VN96152_BL_ADL_M__SRR17643074__R1__581db4caabc57bf7748c09793c806bdf_val_1	34.0	102.0	64.0	0.2	0.3	0.3	71678.0	19353.0	33672.0	18453.0
RU_13_RT_VN96152_BL_ADL_M__SRR17643076__R1__81b3f3e338e23aeab46c7ab4618cbd8a_val_1	348.0	597.0	292.0	0.3	0.3	0.2	473825.0	126095.0	223461.0	123032.0
RU_13_RT_VN96153_BL_ADL_F__SRR17643073__R1__41e6ddbfc7d8f5e8cdc735bcf96e254b_val_1	408.0	713.0	412.0	0.3	0.3	0.3	559588.0	149050.0	263792.0	145213.0
RU_13_RT_VN96154_BL_ADL_M__SRR17643072__R1__0937ef0b53fd37c438901a908f039d8f_val_1	630.0	1070.0	576.0	0.3	0.3	0.3	806439.0	215957.0	377754.0	210452.0
RU_13_RT_VN96158_BL_ADL_M__SRR17643070__R1__1c11d3bb6597effb8f4c088786ea4f77_val_1	58.0	81.0	73.0	0.2	0.2	0.3	88690.0	24118.0	41024.0	23336.0
RU_13_RT_VN96158_BL_ADL_M__SRR17643071__R1__793342708ec788fde5102c21404151d3_val_1	413.0	644.0	397.0	0.3	0.2	0.3	581069.0	154878.0	274035.0	150702.0
RU_13_RT_VN96159_BL_ADL_M__SRR17643191__R1__8cd55e460a79c16630b3215634494d94_val_1	945.0	1525.0	916.0	0.3	0.3	0.3	1205031.0	323545.0	564188.0	313912.0
RU_13_RT_VN96161_BL_ADL_M__SRR17643189__R1__8b7043b2dc496da2d82a884ccd1b33ec_val_1	371.0	640.0	338.0	0.3	0.3	0.2	526107.0	140126.0	248664.0	135968.0
RU_13_RT_VN96161_BL_ADL_M__SRR17643190__R1__6fb43a342be416f2253c775c5335e3c6_val_1	72.0	107.0	78.0	0.2	0.2	0.3	113044.0	30215.0	53041.0	29531.0
RU_13_RT_VN96163_BL_ADL_M__SRR17643187__R1__e811b38a5ca945baf0760d0c00ad8347_val_1	111.0	198.0	95.0	0.3	0.3	0.2	151096.0	40149.0	71206.0	39337.0
RU_13_RT_VN96163_BL_ADL_M__SRR17643188__R1__3f605f44691593bb9db351a56963a957_val_1	595.0	1170.0	613.0	0.2	0.3	0.3	908788.0	243400.0	427055.0	235955.0
RU_13_RT_VN96165_BL_ADL_F__SRR17643185__R1__6d798419a196b0100a53cc0746e4e00f_val_1	590.0	1048.0	631.0	0.3	0.3	0.3	783627.0	210579.0	366662.0	204117.0
RU_13_RT_VN96166_BL_ADL_M__SRR17643184__R1__d11f00dbb79b789181bac6d0f9773bee_val_1	525.0	943.0	517.0	0.3	0.3	0.3	751933.0	202424.0	351186.0	196338.0
RU_13_RT_VN96171_BL_ADL_F__SRR17643182__R1__fd97aaa8221371ce315ee601aafb8cee_val_1	81.0	147.0	84.0	0.3	0.3	0.3	114465.0	30896.0	53817.0	29440.0
RU_13_RT_VN96171_BL_ADL_F__SRR17643183__R1__74947217ff527485376f8407152db93f_val_1	450.0	743.0	376.0	0.3	0.2	0.2	628773.0	167422.0	297013.0	162769.0
RU_13_RT_VN96180_BL_ADL_M__SRR17643181__R1__551c520a382eecd18341b812550a119e_val_1	609.0	986.0	592.0	0.3	0.3	0.3	739614.0	197430.0	347047.0	192950.0
RU_13_RT_VN96182_BL_ADL_M__SRR17643179__R1__5ab7bcf0bdeaa3babd5090e771b59c06_val_1	94.0	126.0	60.0	0.3	0.2	0.2	126173.0	33651.0	59558.0	32684.0
RU_13_RT_VN96182_BL_ADL_M__SRR17643180__R1__799ac7dad174606d9258b6c156c9c65f_val_1	414.0	779.0	406.0	0.2	0.3	0.2	634054.0	169945.0	297810.0	164700.0
RU_13_RT_VN96190_BL_ADL_F__SRR17643178__R1__4cfc8bf2019ef2cc8e1f0f3ee62dab77_val_1	580.0	948.0	586.0	0.3	0.3	0.3	811661.0	221843.0	373181.0	214523.0
RU_13_RT_VN96194_BL_ADL_M__SRR17643176__R1__d64e03c8e6efc33c29c7388df3d9ab9f_val_1	76.0	118.0	56.0	0.3	0.3	0.2	95259.0	25292.0	45293.0	24424.0
RU_13_RT_VN96194_BL_ADL_M__SRR17643177__R1__f7c870ffb2f3043b3370cee34f728082_val_1	337.0	656.0	316.0	0.2	0.3	0.2	524862.0	139613.0	248682.0	135258.0
RU_13_RT_VN96198_BL_ADL_M__SRR17643173__R1__af2c1d810fdb3769e80ba5b3a938194d_val_1	435.0	759.0	400.0	0.3	0.3	0.3	526948.0	140380.0	249027.0	135947.0
RU_13_RT_VN96198_BL_ADL_M__SRR17643174__R1__eb56442e069dfb023f67655d86468503_val_1	87.0	117.0	77.0	0.3	0.3	0.3	94037.0	25527.0	43779.0	24450.0
RU_13_RT_VN96200_BL_ADL_M__SRR17643171__R1__23fbf71c2491d3735cb5384cde9cfaff_val_1	63.0	98.0	59.0	0.3	0.3	0.3	79095.0	21126.0	37338.0	20411.0
RU_13_RT_VN96200_BL_ADL_M__SRR17643172__R1__f6c5008fdcc59665ef87dde17b743075_val_1	341.0	551.0	329.0	0.3	0.3	0.3	424438.0	113500.0	199428.0	110289.0
RU_13_R_VN96102_BL_ADL_M__SRR17643198__R1__abe4ff5079d8a1f6a58b2eea2dc7494f_val_1	57.0	125.0	52.0	0.3	0.3	0.2	85164.0	22494.0	40418.0	22018.0
RU_13_R_VN96102_BL_ADL_M__SRR17643199__R1__a8d776c15146ea9675d8b00a77bd0171_val_1	422.0	650.0	392.0	0.3	0.3	0.3	528946.0	141012.0	250010.0	136460.0
RU_13_R_VN96106_BL_ADL_M__SRR17643197__R1__8979fa0934ae99b221bed40f1d32725f_val_1	493.0	946.0	547.0	0.3	0.3	0.3	714917.0	191220.0	334907.0	186804.0
RU_13_R_VN96110_BL_ADL_M__SRR17643195__R1__004d270c26b5949d4ebc3c56e5dcbe03_val_1	86.0	193.0	79.0	0.3	0.3	0.2	123626.0	33271.0	57874.0	32123.0
RU_13_R_VN96110_BL_ADL_M__SRR17643196__R1__ca608663807ebeb734e4978b62291a4d_val_1	731.0	1250.0	808.0	0.3	0.3	0.3	1047301.0	279532.0	493263.0	271717.0
RU_13_R_VN96113_BL_ADL_F__SRR17643194__R1__3753c9cea8b3f6f54a1826090b415014_val_1	906.0	1637.0	873.0	0.3	0.3	0.3	1163136.0	310523.0	546081.0	303116.0
RU_13_R_VN96116_BL_ADL_M__SRR17643096__R1__2ee23133496f45842e5cd9c927c06d4a_val_1	72.0	111.0	75.0	0.2	0.2	0.3	113844.0	30766.0	53326.0	29494.0
RU_13_R_VN96116_BL_ADL_M__SRR17643193__R1__74339f33358263944d5fed441f7a02d5_val_1	470.0	840.0	520.0	0.2	0.3	0.3	701458.0	188158.0	329792.0	181678.0
RU_13_R_VN96117_BL_ADL_F__SRR17643094__R1__576c0008e86fbf8494c4628f24f87889_val_1	88.0	155.0	88.0	0.3	0.3	0.4	94368.0	25217.0	44406.0	24414.0
RU_13_R_VN96117_BL_ADL_F__SRR17643095__R1__9675b7ab7bb77c4d7157ec82718eb85d_val_1	429.0	766.0	424.0	0.3	0.3	0.3	566104.0	150907.0	267454.0	146124.0
RU_13_R_VN96118_BL_ADL_F__SRR17643092__R1__dac23f5a074976155104f220567059af_val_1	118.0	179.0	112.0	0.3	0.2	0.3	154652.0	41522.0	72285.0	40436.0
RU_13_R_VN96118_BL_ADL_F__SRR17643093__R1__4bebe8f37d9d7296f6d837d176e69705_val_1	827.0	1369.0	766.0	0.3	0.3	0.3	1045836.0	279274.0	493401.0	270199.0
RU_13_R_VN96122_BL_ADL_F__SRR17643091__R1__a7746ed7407290ba77d789ab4553779e_val_1	569.0	997.0	514.0	0.3	0.3	0.3	704698.0	189378.0	329817.0	183423.0
RU_13_R_VN96123_BL_ADL_M__SRR17643090__R1__90a2a5d1e60680c4eaf23a92d4e85ed2_val_1	226.0	418.0	278.0	0.3	0.3	0.3	335048.0	90083.0	156140.0	87903.0
RU_13_R_VN96124_BL_ADL_F__SRR17643089__R1__e35d40950417797f7d247d39e61d66cc_val_1	524.0	977.0	558.0	0.3	0.3	0.3	695727.0	185798.0	327377.0	180493.0
RU_13_R_VN96298_BL_ADL_F__SRR17643170__R1__a8acda577c38c89dfae3554ca5c119f9_val_1	562.0	1083.0	549.0	0.3	0.3	0.3	789121.0	212490.0	368236.0	206201.0
RU_13_R_VN96300_BL_ADL_F__SRR17643169__R1__034fe3d7e171d95eb1654c54c797ad67_val_1	431.0	711.0	423.0	0.3	0.3	0.3	581470.0	156516.0	271237.0	152152.0
RU_13_T_NB019_BL_ADL_M__SRR17643130__R1__01db0c6c654c31dd32f1ab2a15a7c9c1_val_1	2020.0	3513.0	2019.0	0.3	0.3	0.3	2383375.0	639553.0	1114695.0	621575.0
RU_13_T_NB027_BL_ADL_M__SRR17643127__R1__afe0b948c99895b7ac6657632df90510_val_1	61.0	85.0	57.0	0.3	0.2	0.3	85158.0	22874.0	40025.0	22056.0
RU_13_T_NB027_BL_ADL_M__SRR17643128__R1__904ae72148c913cd5677dae9e2e4470f_val_1	351.0	668.0	368.0	0.3	0.3	0.3	508436.0	135352.0	239917.0	131780.0
RU_13_T_NB028_BL_ADL_F__SRR17643126__R1__eb4363382342ac614a6753fd10c7dcd3_val_1	455.0	771.0	428.0	0.3	0.3	0.3	614802.0	163647.0	290066.0	159435.0
RU_13_T_NB028_BL_ADL_F__SRR17643246__R1__1e0d06451c09497a67db0f7ea8a1b2f2_val_1	110.0	177.0	129.0	0.3	0.3	0.4	139222.0	36773.0	66107.0	35926.0
RU_13_T_NB029_BL_ADL_F__SRR17643245__R1__75d2297b437a4d60886f4d0342e9c409_val_1	835.0	1396.0	872.0	0.3	0.3	0.3	1055370.0	282746.0	494463.0	275058.0
RU_13_T_NB031_BL_ADL_F__SRR17643243__R1__79076aba851a6eceb1f9454947833b12_val_1	214.0	338.0	230.0	0.2	0.2	0.2	371116.0	100330.0	172184.0	97820.0
RU_13_T_NB033_BL_ADL_F__SRR17643242__R1__0d2a5ca543904311d9b6d48fae8f0a2a_val_1	504.0	886.0	541.0	0.3	0.3	0.3	677387.0	181811.0	316619.0	177026.0
RU_13_T_NB038_BL_ADL_M__SRR17643240__R1__90a2c58ac0fa4079b665afcfaabe0b8f_val_1	94.0	147.0	65.0	0.3	0.3	0.2	117560.0	31509.0	54939.0	30806.0
RU_13_T_NB038_BL_ADL_M__SRR17643241__R1__7266583cbfae69b4111103901d3f9c26_val_1	472.0	798.0	419.0	0.2	0.2	0.2	705047.0	188809.0	331817.0	182732.0
RU_13_T_NB040_BL_ADL_F__SRR17643238__R1__2cefc512649bc30181175dc241e355d1_val_1	64.0	130.0	75.0	0.3	0.3	0.3	89478.0	23500.0	42537.0	23172.0
RU_13_T_NB040_BL_ADL_F__SRR17643239__R1__f5417ab283b742066d750233f5720237_val_1	366.0	640.0	333.0	0.3	0.3	0.2	539207.0	143696.0	254342.0	139830.0
RU_13_T_NB041_BL_ADL_F__SRR17643237__R1__be8284cc10e66aba4649525e32dc9c21_val_1	1036.0	1652.0	1014.0	0.3	0.3	0.3	1262354.0	344803.0	576627.0	337222.0
RU_17_T_NB022_BL_ADL_M__SRR17643129__R1__11ef679279025821f84ff68eb24b3ace_val_1	703.0	1138.0	670.0	0.3	0.3	0.3	807937.0	218270.0	376983.0	210173.0
RU_17_T_NB030_BL_ADL_F__SRR17643244__R1__805d12dd4fff1206bd1639e1c8994323_val_1	460.0	753.0	457.0	0.3	0.3	0.3	589172.0	159076.0	274172.0	154254.0
US_02_E_2171-28178_BL_ADL_U__SRR17643142__R1__c66ff67e02415fdd239180721ceb123a_val_1	516.0	896.0	500.0	0.3	0.3	0.3	674167.0	181047.0	315359.0	175849.0
US_02_E_2171-28178_BL_ADL_U__SRR17643143__R1__aa880e36c9117e89f7161e74f8e23765_val_1	129.0	177.0	123.0	0.3	0.3	0.3	143705.0	38475.0	67526.0	37275.0
US_02_E_2171-28179_BL_ADL_U__SRR17643141__R1__5b595b04d7da0c61bdda941ed5bf959f_val_1	581.0	948.0	537.0	0.3	0.3	0.3	783429.0	212552.0	362137.0	206674.0
US_02_E_2171-28186_BL_ADL_U__SRR17777317__R1__1942e7a3f7487ab64ebbc8eae857c9d0_val_1	629.0	1099.0	661.0	0.3	0.3	0.3	820106.0	220526.0	383383.0	213808.0
US_02_E_2171-28186_BL_ADL_U__SRR17777318__R1__56c123526ce3dbe5a0aaaf48ca41e305_val_1	255.0	504.0	314.0	0.3	0.3	0.3	362148.0	96811.0	170435.0	93829.0
US_02_E_2171-28186_BL_ADL_U__SRR17777319__R1__595fff3263be7ecd95ef49cd54e5cfb9_val_1	110.0	204.0	106.0	0.3	0.3	0.3	148228.0	40082.0	69010.0	38716.0
US_02_E_2171-28193_BL_ADL_U__SRR17643140__R1__dcba160de94897f720bfb2cd2ed03775_val_1	382.0	633.0	331.0	0.3	0.3	0.3	471134.0	127023.0	219600.0	123165.0
US_02_E_3121-88807_BL_ADL_U__SRR17643138__R1__0690c7033ed000e60b111ab42f1092e1_val_1	309.0	561.0	285.0	0.3	0.3	0.3	379206.0	101800.0	177750.0	98501.0
US_02_E_3121-88807_BL_ADL_U__SRR17643139__R1__aa8b574ceab6098eef9efd566cd22748_val_1	49.0	91.0	59.0	0.2	0.3	0.3	73047.0	19720.0	34147.0	18981.0
US_02_E_3121-88831_BL_ADL_U__SRR17643135__R1__46c10d3d4d683417c5e28fbc7b4386e1_val_1	132.0	199.0	143.0	0.2	0.2	0.3	204428.0	55165.0	95764.0	53025.0
US_02_E_3121-88831_BL_ADL_U__SRR17643137__R1__37bc2d49bd4dcdbb74b5786cc24de1f9_val_1	788.0	1254.0	716.0	0.3	0.2	0.2	1119082.0	301249.0	523270.0	291805.0
US_02_E_3121-88841_BL_ADL_U__SRR17643133__R1__7fa9205d3cccc004abf8fffbf20f6bbe_val_1	447.0	711.0	394.0	0.3	0.3	0.3	534517.0	143151.0	250908.0	138906.0
US_02_E_3121-88841_BL_ADL_U__SRR17643134__R1__94bf11aa2e0f2e24f5a4041680f04760_val_1	63.0	138.0	77.0	0.2	0.3	0.3	98045.0	26248.0	46232.0	25287.0
