lower h upper het het.manual sample
1 0 0 0.0272617 0.0434782608695652 0.0434782608695652 CN_14_G_1086_BL_ADL_M
2 0 0 0.0196135 0.0972222222222222 0.0972222222222222 CN_14_G_1089_BL_ADL_M
3 0 0 0.0181336 0.0422535211267606 0.0422535211267606 CN_14_G_1093_BL_ADL_M
4 0 0 0.0388046 0.169014084507042 0.169014084507042 CN_14_G_1094_BL_ADL_F
5 0 0 0.0158996 0.028169014084507 0.028169014084507 CN_14_G_1097_BL_ADL_F
6 0.1775601 0.2514882 0.3361297 0.515625 0.515625 CN_14_G_1098_BL_ADL_F
7 0 0 0.0198 0.0555555555555556 0.0555555555555556 CN_14_G_1099_BL_ADL_M
8 0.066644 0.1266313 0.20664 0.226415094339623 0.226415094339623 CN_14_G_1100_BL_ADL_F
9 0 0 0.0212941 0.10958904109589 0.10958904109589 CN_14_G_1102_BL_ADL_M
10 0 0 0.021478 0.0845070422535211 0.0845070422535211 CN_14_G_1103_BL_ADL_M
11 0 0 0.0195238 0.0694444444444444 0.0694444444444444 CN_14_G_1104_BL_ADL_M
12 0 0 0.021451 0.114285714285714 0.114285714285714 CN_14_G_1105_BL_ADL_F
13 0.8527468 0.9108732 0.9526746 0.194444444444444 0.194444444444444 CN_16_RG_1652_BL_ADL_F
14 0.793023 0.8607215 0.9140937 0.236111111111111 0.236111111111111 CN_16_RG_2014_BL_ADL_F
15 0.3675321 0.4532783 0.5407199 0.722222222222222 0.722222222222222 CN_16_RG_2017_BL_ADL_F
16 0.2675025 0.3476818 0.4336098 0.492957746478873 0.492957746478873 CN_16_RG_2019_BL_ADL_F
17 0.0063683 0.0259099 0.0655227 0.10958904109589 0.10958904109589 CN_16_RG_2020_BL_ADL_M
18 0.3008932 0.3837648 0.4710501 0.585714285714286 0.585714285714286 CN_16_RG_2021_BL_ADL_M
19 0.5906262 0.6763345 0.7550623 0.257142857142857 0.257142857142857 CN_16_RG_2023_BL_ADL_M
20 0.3759184 0.4675457 0.5605867 0.555555555555556 0.555555555555556 CN_16_RG_2027_BL_ADL_M
21 0.1191373 0.1916942 0.2761139 0.295774647887324 0.295774647887324 CN_16_RG_2029_BL_ADL_F
22 0.1165408 0.1883855 0.2720634 0.309859154929577 0.309859154929577 CN_16_RG_2030_BL_ADL_M
23 0.4670288 0.5545269 0.6396512 0.712328767123288 0.712328767123288 CN_16_RG_2031_BL_ADL_F
24 0.2865878 0.368945 0.4564021 0.5 0.5 CN_16_RG_2033_BL_ADL_M
25 0.4066992 0.4940997 0.581545 0.643835616438356 0.643835616438356 CN_16_RG_2044_BL_ADL_F
26 0.4532281 0.5987714 0.7324435 0.538461538461538 0.538461538461538 CN_16_RG_2050_BL_ADL_M
27 0.6505268 0.7392121 0.8163999 0.169491525423729 0.169491525423729 CN_16_RG_2054_BL_ADL_F
28 0.9812758 1 1 0.0555555555555556 0.0555555555555556 CN_16_RG_2058_BL_ADL_F
29 0.8770728 0.9308625 0.9674619 0.164383561643836 0.164383561643836 CN_16_RG_2059_BL_ADL_M
30 0.7687708 0.8418016 0.9003923 0.238805970149254 0.238805970149254 CN_16_RG_2063_BL_ADL_F
31 0.5230308 0.6097269 0.6917182 0.726027397260274 0.726027397260274 CN_16_RG_2066_BL_ADL_M
32 0.7904154 0.8582056 0.9118124 0.246575342465753 0.246575342465753 CN_16_RG_2068_BL_ADL_F
33 0.6504218 0.7331277 0.8061949 0.436619718309859 0.436619718309859 CN_16_RG_2069_BL_ADL_M
34 0.7039248 0.7809908 0.8470597 0.166666666666667 0.166666666666667 CN_16_RG_2070_BL_ADL_F
35 0.7371425 0.811437 0.873556 0.333333333333333 0.333333333333333 CN_16_RG_2072_BL_ADL_M
36 0.5752335 0.6617417 0.7413103 0.619718309859155 0.619718309859155 CN_16_RG_2074_BL_ADL_M
37 0.519307 0.6110537 0.6975625 0.666666666666667 0.666666666666667 CN_17_RG_1705_BL_ADL_M
38 0 0 0.0303457 0.138888888888889 0.138888888888889 CN_17_RG_2077_BL_ADL_M
39 0.0943187 0.15133 0.2218939 0.191780821917808 0.191780821917808 CN_17_RG_2079_BL_ADL_F
40 0.234373 0.3092665 0.3913489 0.569444444444444 0.569444444444444 CN_17_RG_2081_BL_ADL_F
41 0.0567378 0.1172848 0.1945939 0.0869565217391304 0.0869565217391304 CN_17_RG_2082_BL_ADL_F
42 0.0785448 0.1380335 0.2120822 0.356164383561644 0.356164383561644 CN_17_RG_2086_BL_ADL_F
43 0.0084806 0.0430543 0.1049376 0.142857142857143 0.142857142857143 CN_17_RG_2087_BL_ADL_M
44 0.3240972 0.4070068 0.4932154 0.671232876712329 0.671232876712329 CN_17_RG_2091_BL_ADL_F
45 0.3337056 0.4382984 0.546093 0.104166666666667 0.104166666666667 CN_17_RG_2093_BL_ADL_M
46 0.0719523 0.126756 0.1965967 0.211267605633803 0.211267605633803 CN_17_RG_2094_BL_ADL_F
47 0.0096992 0.1302714 0.2880418 0 0 CN_17_RG_2099_BL_ADL_M
48 0.9262436 0.9699499 0.9924116 0.112676056338028 0.112676056338028 CN_17_RG_2102_BL_ADL_F
49 0.601368 0.6957827 0.7799612 0.508771929824561 0.508771929824561 CN_17_RG_2105_BL_ADL_F
50 0.4348399 0.5245624 0.6129325 0.728571428571429 0.728571428571429 CN_17_RG_2107_BL_ADL_F
51 0.7518022 0.8260851 0.8869884 0.314285714285714 0.314285714285714 CN_17_RG_2111_BL_ADL_F
52 0.8298604 0.8923269 0.9390862 0.236111111111111 0.236111111111111 CN_17_RG_2113_BL_ADL_M
53 0.1314723 0.204417 0.2880724 0.342465753424658 0.342465753424658 CN_17_RG_2114_BL_ADL_M
54 0.4889394 0.5924465 0.6901891 0.777777777777778 0.777777777777778 CN_17_RG_2115_BL_ADL_F
55 0.1539621 0.2246642 0.3054641 0.26027397260274 0.26027397260274 CN_17_RG_2116_BL_ADL_M
56 0.5902806 0.6739187 0.7509477 0.136986301369863 0.136986301369863 CN_17_RG_2121_BL_ADL_F
57 0.9077697 0.957494 0.9863391 0.10958904109589 0.10958904109589 CN_17_RG_2122_BL_ADL_F
58 0.4099002 0.4986394 0.5867654 0.642857142857143 0.642857142857143 CN_17_RG_2123_BL_ADL_M
59 0.6919241 0.7703304 0.8377024 0.436619718309859 0.436619718309859 RU_13_R_VN96102_BL_ADL_M
60 0.9826967 1 1 0.0416666666666667 0.0416666666666667 RU_13_R_VN96106_BL_ADL_M
61 0.9849349 1 1 0.0138888888888889 0.0138888888888889 RU_13_R_VN96110_BL_ADL_M
62 0.9851583 1 1 0.0136986301369863 0.0136986301369863 RU_13_R_VN96113_BL_ADL_F
63 0.9855798 1 1 0 0 RU_13_R_VN96116_BL_ADL_M
64 0.4256712 0.5180472 0.6087716 0.313432835820896 0.313432835820896 RU_13_R_VN96117_BL_ADL_F
65 0.9646396 1 1 0.111111111111111 0.111111111111111 RU_13_R_VN96118_BL_ADL_F
66 0.9818711 1 1 0.028169014084507 0.028169014084507 RU_13_R_VN96122_BL_ADL_F
67 0.9817146 1 1 0.0422535211267606 0.0422535211267606 RU_13_R_VN96123_BL_ADL_M
68 0.7318166 0.8063116 0.868636 0.375 0.375 RU_13_R_VN96124_BL_ADL_F
69 0.985774 1 1 0 0 RU_13_R_VN96298_BL_ADL_F
70 0.9830296 1 1 0.0138888888888889 0.0138888888888889 RU_13_R_VN96300_BL_ADL_F
