lower h upper het het.manual sample
1 0.9849514 1 1 0.0263157894736842 0.0263157894736842 RU_13_R_VN96102_BL_ADL_M
2 0.9835294 1 1 0.04 0.04 RU_13_R_VN96106_BL_ADL_M
3 0.9793792 1 1 0.0649350649350649 0.0649350649350649 RU_13_R_VN96110_BL_ADL_M
4 0.9863399 1 1 0.0128205128205128 0.0128205128205128 RU_13_R_VN96113_BL_ADL_F
5 0.8784288 0.9289082 0.9639604 0.0909090909090909 0.0909090909090909 RU_13_R_VN96116_BL_ADL_M
6 0.897405 0.946825 0.9789631 0.141025641025641 0.141025641025641 RU_13_R_VN96117_BL_ADL_F
7 0.9661782 1 1 0.0921052631578947 0.0921052631578947 RU_13_R_VN96118_BL_ADL_F
8 0.9818715 1 1 0.0649350649350649 0.0649350649350649 RU_13_R_VN96122_BL_ADL_F
9 0.9843732 1 1 0.025974025974026 0.025974025974026 RU_13_R_VN96123_BL_ADL_M
10 0.9792299 1 1 0.0526315789473684 0.0526315789473684 RU_13_R_VN96124_BL_ADL_F
11 0.9834182 1 1 0.0384615384615385 0.0384615384615385 RU_13_R_VN96298_BL_ADL_F
12 0.9830409 1 1 0.038961038961039 0.038961038961039 RU_13_R_VN96300_BL_ADL_F
13 0.014738 0.0405407 0.0840032 0.08 0.08 RU_13_RT_VN96011_BL_ADL_F
14 0.9808487 1 1 0.0526315789473684 0.0526315789473684 RU_13_RT_VN96022_BL_ADL_M
15 0.324269 0.4060376 0.4909508 0.649350649350649 0.649350649350649 RU_13_RT_VN96023_BL_ADL_M
16 0.0952191 0.1597697 0.2356641 0.269230769230769 0.269230769230769 RU_13_RT_VN96026_BL_ADL_M
17 0.0323033 0.0740274 0.1325147 0.179487179487179 0.179487179487179 RU_13_RT_VN96034_BL_ADL_M
18 0.0168345 0.0426127 0.0852584 0.0789473684210526 0.0789473684210526 RU_13_RT_VN96035_BL_ADL_F
19 0.0659634 0.1286796 0.2076391 0.285714285714286 0.285714285714286 RU_13_RT_VN96037_BL_ADL_M
20 0.782543 0.852903 0.9094341 0.301369863013699 0.301369863013699 RU_13_RT_VN96053_BL_ADL_F
21 0.9147287 0.9585383 0.9848036 0.115384615384615 0.115384615384615 RU_13_RT_VN96054_BL_ADL_F
22 0.8439578 0.9056711 0.9518326 0.194805194805195 0.194805194805195 RU_13_RT_VN96055_BL_ADL_F
23 0.3995614 0.4842783 0.5692578 0.855263157894737 0.855263157894737 RU_13_RT_VN96056_BL_ADL_M
24 0.4341218 0.5185376 0.6020226 0.871794871794872 0.871794871794872 RU_13_RT_VN96076_BL_ADL_F
25 0.0323963 0.0722278 0.129098 0.157894736842105 0.157894736842105 RU_13_RT_VN96078_BL_ADL_F
26 0.3430594 0.4260462 0.5114051 0.743589743589744 0.743589743589744 RU_13_RT_VN96091_BL_ADL_M
27 0.9598227 0.9901718 0.9994412 0.0256410256410256 0.0256410256410256 RU_13_RT_VN96136_BL_ADL_M
28 0.9416517 0.979902 0.9966657 0.0933333333333333 0.0933333333333333 RU_13_RT_VN96137_BL_ADL_F
29 0.9169914 0.961626 0.987562 0.102564102564103 0.102564102564103 RU_13_RT_VN96138_BL_ADL_M
30 0.7716524 0.8423435 0.9002478 0.311688311688312 0.311688311688312 RU_13_RT_VN96141_BL_ADL_M
31 0.399834 0.5179439 0.6343274 0.85 0.85 RU_13_RT_VN96144_BL_ADL_M
32 0.448956 0.534769 0.6190667 0.92 0.92 RU_13_RT_VN96145_BL_ADL_F
33 0.9375214 0.9747852 0.9936653 0.0512820512820513 0.0512820512820513 RU_13_RT_VN96151_BL_ADL_M
34 0.940742 0.979116 0.9964504 0.0540540540540541 0.0540540540540541 RU_13_RT_VN96152_BL_ADL_M
35 0.8748473 0.930587 0.9692072 0.168831168831169 0.168831168831169 RU_13_RT_VN96153_BL_ADL_F
36 0.886925 0.9368923 0.9704578 0.133333333333333 0.133333333333333 RU_13_RT_VN96154_BL_ADL_M
37 0.3617484 0.4464963 0.5327436 0.763157894736842 0.763157894736842 RU_13_RT_VN96158_BL_ADL_M
38 0.4556315 0.5411452 0.624925 0.828947368421053 0.828947368421053 RU_13_RT_VN96159_BL_ADL_M
39 0.9075837 0.9561463 0.9854095 0.153846153846154 0.153846153846154 RU_13_RT_VN96161_BL_ADL_M
40 0.7965425 0.8612572 0.9128106 0.294871794871795 0.294871794871795 RU_13_RT_VN96163_BL_ADL_M
41 0.97339 1 1 0.0434782608695652 0.0434782608695652 RU_13_RT_VN96165_BL_ADL_F
42 0.9168471 0.9605212 0.9858829 0.0810810810810811 0.0810810810810811 RU_13_RT_VN96166_BL_ADL_M
43 0.9220915 0.9664821 0.9910309 0.0921052631578947 0.0921052631578947 RU_13_RT_VN96171_BL_ADL_F
44 0.1090146 0.1837562 0.2729818 0.192982456140351 0.192982456140351 RU_13_RT_VN96180_BL_ADL_M
45 0.4415472 0.5258313 0.6089214 0.909090909090909 0.909090909090909 RU_13_RT_VN96182_BL_ADL_M
46 0.9182507 0.9682262 0.9940074 0.0821917808219178 0.0821917808219178 RU_13_RT_VN96190_BL_ADL_F
47 0.3638405 0.4468775 0.531576 0.833333333333333 0.833333333333333 RU_13_RT_VN96194_BL_ADL_M
48 0.9307385 0.9743669 0.9954507 0.0779220779220779 0.0779220779220779 RU_13_RT_VN96198_BL_ADL_M
49 0.471785 0.5642753 0.6537536 0.833333333333333 0.833333333333333 RU_13_RT_VN96200_BL_ADL_M
50 0 0 0.0191896 0.0526315789473684 0.0526315789473684 RU_13_T_NB019_BL_ADL_M
51 0 0 0.0138833 0.012987012987013 0.012987012987013 RU_13_T_NB027_BL_ADL_M
52 0 0.0423091 0.1033832 0.207792207792208 0.207792207792208 RU_13_T_NB028_BL_ADL_F
53 0 0 0.0216342 0.0327868852459016 0.0327868852459016 RU_13_T_NB029_BL_ADL_F
54 0 0.046728 0.1106841 0.226666666666667 0.226666666666667 RU_13_T_NB031_BL_ADL_F
55 0.1077239 0.1732384 0.2496723 0.282051282051282 0.282051282051282 RU_13_T_NB033_BL_ADL_F
56 0 0 0.013922 0.012987012987013 0.012987012987013 RU_13_T_NB038_BL_ADL_M
57 0.1769012 0.2462099 0.3251703 0.444444444444444 0.444444444444444 RU_13_T_NB040_BL_ADL_F
58 0.2522845 0.3314597 0.4165084 0.586666666666667 0.586666666666667 RU_13_T_NB041_BL_ADL_F
59 0 0 0.0134415 0.0128205128205128 0.0128205128205128 RU_17_T_NB022_BL_ADL_M
60 0 0 0.0143766 0.0128205128205128 0.0128205128205128 RU_17_T_NB030_BL_ADL_F
