UponCompletionOf_200000_sweeps
LocNumber LocName AlleleNumber AlleleName FreqInPop0 FreqInPop1 SDInPop0 SDinPop1
0	chr01A_3015367	0	110	0.869115	0.013656	0.047552	0.018513
0	chr01A_3015367	1	100	0.130885	0.986344	0.047552	0.018513
1	chr01A_3015375	0	100	0.226134	0.984296	0.055642	0.021018
1	chr01A_3015375	1	110	0.773866	0.015704	0.055642	0.021018
2	chr01A_3015376	0	110	0.894594	0.018046	0.040324	0.023603
2	chr01A_3015376	1	100	0.105406	0.981954	0.040324	0.023603
3	chr01A_3015397	0	100	0.096592	0.988993	0.044440	0.015058
3	chr01A_3015397	1	110	0.903408	0.011007	0.044440	0.015058
4	chr01A_3101053	0	110	0.880966	0.010623	0.047875	0.014652
4	chr01A_3101053	1	100	0.119034	0.989377	0.047875	0.014652
5	chr01A_3105730	0	110	0.987565	0.013859	0.016986	0.018623
5	chr01A_3105730	1	100	0.012435	0.986141	0.016986	0.018623
6	chr01A_3106144	0	110	0.851144	0.012512	0.052554	0.017112
6	chr01A_3106144	1	100	0.148856	0.987488	0.052554	0.017112
7	chr01A_3106146	0	110	0.832235	0.011129	0.053885	0.015335
7	chr01A_3106146	1	100	0.167765	0.988871	0.053885	0.015335
8	chr01A_3106242	0	110	0.957188	0.010639	0.032008	0.014615
8	chr01A_3106242	1	100	0.042812	0.989361	0.032008	0.014615
9	chr01A_3127152	0	110	0.896031	0.017189	0.039971	0.022698
9	chr01A_3127152	1	100	0.103969	0.982811	0.039971	0.022698
10	chr01A_3128823	0	110	0.788052	0.009685	0.077048	0.013474
10	chr01A_3128823	1	100	0.211948	0.990315	0.077048	0.013474
11	chr01A_3130493	0	110	0.982769	0.010146	0.022951	0.013949
11	chr01A_3130493	1	100	0.017231	0.989854	0.022951	0.013949
12	chr01A_3130540	0	110	0.981345	0.010595	0.024608	0.014561
12	chr01A_3130540	1	100	0.018655	0.989405	0.024608	0.014561
13	chr01A_3134555	0	110	0.986091	0.014898	0.018875	0.019953
13	chr01A_3134555	1	100	0.013909	0.985102	0.018875	0.019953
14	chr01A_3137821	0	110	0.984870	0.009542	0.020197	0.013168
14	chr01A_3137821	1	100	0.015130	0.990458	0.020197	0.013168
15	chr01A_3137824	0	110	0.988795	0.013420	0.015241	0.018127
15	chr01A_3137824	1	100	0.011205	0.986580	0.015241	0.018127
16	chr01A_3140048	0	110	0.988881	0.013510	0.015157	0.018096
16	chr01A_3140048	1	100	0.011119	0.986490	0.015157	0.018096
17	chr01A_3140163	0	110	0.987401	0.010455	0.017019	0.014387
17	chr01A_3140163	1	100	0.012599	0.989545	0.017019	0.014387
18	chr01A_44210178	0	110	0.643435	0.011777	0.071241	0.016230
18	chr01A_44210178	1	100	0.356565	0.988223	0.071241	0.016230
19	chr01A_44219388	0	100	0.875705	0.011436	0.048843	0.015662
19	chr01A_44219388	1	110	0.124295	0.988564	0.048843	0.015662
20	chr01A_44262369	0	100	0.934082	0.122322	0.037749	0.050577
20	chr01A_44262369	1	110	0.065918	0.877678	0.037749	0.050577
21	chr01A_46301403	0	100	0.253707	0.981858	0.085868	0.024687
21	chr01A_46301403	1	110	0.746293	0.018142	0.085868	0.024687
22	chr01A_46309736	0	110	0.765553	0.012268	0.062344	0.016868
22	chr01A_46309736	1	100	0.234447	0.987732	0.062344	0.016868
23	chr01A_46339592	0	110	0.832447	0.012395	0.050742	0.016913
23	chr01A_46339592	1	100	0.167553	0.987605	0.050742	0.016913
24	chr01A_46345915	0	110	0.816709	0.012344	0.061360	0.017000
24	chr01A_46345915	1	100	0.183291	0.987656	0.061360	0.017000
25	chr01A_46395563	0	110	0.974163	0.021163	0.020401	0.027000
25	chr01A_46395563	1	100	0.025837	0.978837	0.020401	0.027000
26	chr02_86232260	0	110	0.983648	0.216913	0.021823	0.053963
26	chr02_86232260	1	100	0.016352	0.783087	0.021823	0.053963
27	chr03_92897221	0	110	0.956227	0.149019	0.033104	0.049580
27	chr03_92897221	1	100	0.043773	0.850981	0.033104	0.049580
28	chr03_108117879	0	110	0.988241	0.175564	0.016176	0.059241
28	chr03_108117879	1	100	0.011759	0.824436	0.016176	0.059241
29	chr03_108155481	0	110	0.980606	0.167706	0.025921	0.051918
29	chr03_108155481	1	100	0.019394	0.832294	0.025921	0.051918
30	chr04A_9152821	0	110	0.986368	0.251119	0.018380	0.058726
30	chr04A_9152821	1	100	0.013632	0.748881	0.018380	0.058726
31	chr05_53665306	0	110	0.986501	0.010678	0.018283	0.014663
31	chr05_53665306	1	100	0.013499	0.989322	0.018283	0.014663
32	chr05_53673073	0	110	0.987896	0.010725	0.016430	0.014727
32	chr05_53673073	1	100	0.012104	0.989275	0.016430	0.014727
33	chr05_53674337	0	110	0.989221	0.015120	0.014785	0.020231
33	chr05_53674337	1	100	0.010779	0.984880	0.014785	0.020231
34	chr05_53676296	0	110	0.987809	0.011097	0.016551	0.015074
34	chr05_53676296	1	100	0.012191	0.988903	0.016551	0.015074
35	chr05_53676311	0	110	0.986288	0.010907	0.018359	0.014873
35	chr05_53676311	1	100	0.013712	0.989093	0.018359	0.014873
36	chr05_53680085	0	110	0.984274	0.011436	0.021038	0.015668
36	chr05_53680085	1	100	0.015726	0.988564	0.021038	0.015668
37	chr05_53726082	0	110	0.989521	0.012911	0.014365	0.017458
37	chr05_53726082	1	100	0.010479	0.987089	0.014365	0.017458
38	chr05_53736018	0	110	0.987767	0.012180	0.016591	0.016541
38	chr05_53736018	1	100	0.012233	0.987820	0.016591	0.016541
39	chr05_53744513	0	110	0.986724	0.013363	0.017907	0.018284
39	chr05_53744513	1	100	0.013276	0.986637	0.017907	0.018284
40	chr05_53755713	0	110	0.986466	0.013465	0.018362	0.018151
40	chr05_53755713	1	100	0.013534	0.986535	0.018362	0.018151
41	chr05_53755721	0	110	0.986897	0.011583	0.017747	0.015919
41	chr05_53755721	1	100	0.013103	0.988417	0.017747	0.015919
42	chr05_53756519	0	110	0.986460	0.012424	0.018287	0.016891
42	chr05_53756519	1	100	0.013540	0.987576	0.018287	0.016891
43	chr05_53756534	0	110	0.986070	0.011611	0.018803	0.015832
43	chr05_53756534	1	100	0.013930	0.988389	0.018803	0.015832
44	chr05_53763043	0	110	0.988786	0.011546	0.015348	0.015694
44	chr05_53763043	1	100	0.011214	0.988454	0.015348	0.015694
45	chr05_53767254	0	110	0.986331	0.081761	0.018349	0.039148
45	chr05_53767254	1	100	0.013669	0.918239	0.018349	0.039148
46	chr05_53768020	0	110	0.988546	0.080812	0.015641	0.038672
46	chr05_53768020	1	100	0.011454	0.919188	0.015641	0.038672
47	chr05_53769355	0	110	0.980637	0.011044	0.025232	0.015116
47	chr05_53769355	1	100	0.019363	0.988956	0.025232	0.015116
48	chr05_53769552	0	110	0.988307	0.012262	0.015882	0.016621
48	chr05_53769552	1	100	0.011693	0.987738	0.015882	0.016621
49	chr05_53774342	0	110	0.990101	0.016263	0.013562	0.021486
49	chr05_53774342	1	100	0.009899	0.983737	0.013562	0.021486
50	chr05_53794294	0	110	0.989090	0.014286	0.014895	0.019205
50	chr05_53794294	1	100	0.010910	0.985714	0.014895	0.019205
51	chr05_53794376	0	110	0.979006	0.010079	0.026890	0.013835
51	chr05_53794376	1	100	0.020994	0.989921	0.026890	0.013835
52	chr05_53794413	0	110	0.987732	0.013310	0.016732	0.018126
52	chr05_53794413	1	100	0.012268	0.986690	0.016732	0.018126
53	chr05_53794548	0	110	0.987972	0.014036	0.016449	0.018893
53	chr05_53794548	1	100	0.012028	0.985964	0.016449	0.018893
54	chr05_53800793	0	110	0.988673	0.012402	0.015472	0.016790
54	chr05_53800793	1	100	0.011327	0.987598	0.015472	0.016790
55	chr05_53800804	0	110	0.987485	0.059054	0.017050	0.034175
55	chr05_53800804	1	100	0.012515	0.940946	0.017050	0.034175
56	chr05_53800972	0	110	0.988393	0.014049	0.015745	0.018957
56	chr05_53800972	1	100	0.011607	0.985951	0.015745	0.018957
57	chr05_53808339	0	110	0.983888	0.009333	0.021255	0.012797
57	chr05_53808339	1	100	0.016112	0.990667	0.021255	0.012797
58	chr05_53814408	0	110	0.988099	0.012959	0.016243	0.017571
58	chr05_53814408	1	100	0.011901	0.987041	0.016243	0.017571
59	chr05_53814455	0	110	0.990080	0.015061	0.013693	0.020090
59	chr05_53814455	1	100	0.009920	0.984939	0.013693	0.020090
60	chr05_53822116	0	110	0.988194	0.011924	0.015978	0.016253
60	chr05_53822116	1	100	0.011806	0.988076	0.015978	0.016253
61	chr05_53880154	0	110	0.984947	0.023161	0.020542	0.030002
61	chr05_53880154	1	100	0.015053	0.976839	0.020542	0.030002
62	chr05_53880429	0	110	0.984601	0.009777	0.020551	0.013463
62	chr05_53880429	1	100	0.015399	0.990223	0.020551	0.013463
63	chr05_53882233	0	110	0.986931	0.011939	0.017744	0.016263
63	chr05_53882233	1	100	0.013069	0.988061	0.017744	0.016263
64	chr05_53889046	0	110	0.987848	0.011954	0.016420	0.016249
64	chr05_53889046	1	100	0.012152	0.988046	0.016420	0.016249
65	chr05_53889381	0	110	0.875841	0.010562	0.063202	0.014601
65	chr05_53889381	1	100	0.124159	0.989438	0.063202	0.014601
66	chr05_53898529	0	110	0.988121	0.018860	0.016239	0.024804
66	chr05_53898529	1	100	0.011879	0.981140	0.016239	0.024804
67	chr05_53938807	0	110	0.987392	0.013376	0.017215	0.018123
67	chr05_53938807	1	100	0.012608	0.986624	0.017215	0.018123
68	chr06_3474741	0	100	0.155638	0.959280	0.079860	0.032037
68	chr06_3474741	1	110	0.844362	0.040720	0.079860	0.032037
69	chr13_400078	0	100	0.142037	0.961259	0.047642	0.029727
69	chr13_400078	1	110	0.857963	0.038741	0.047642	0.029727
70	chr13_401538	0	110	0.948672	0.147042	0.037315	0.047159
70	chr13_401538	1	100	0.051328	0.852958	0.037315	0.047159
71	chr13_17867268	0	100	0.163901	0.987834	0.053233	0.016679
71	chr13_17867268	1	110	0.836099	0.012166	0.053233	0.016679
72	chr13_17901712	0	110	0.866402	0.014794	0.052673	0.020131
72	chr13_17901712	1	100	0.133598	0.985206	0.052673	0.020131
